2457424.87388 5460.092497542736
2457425.86994 5440.0137824672765
2457427.8757 5440.0137824672765
2457428.86761 5425.003216311501
2457429.85522 5425.003216311501
2457431.85494 5460.092497542736
2457432.8685 5485.2951394120355
2457434.85401 5440.0137824672765
2457435.8725 5525.861556300781
2457436.84603 5510.614111390659
2457437.84529 5425.003216311501
2457437.87212 5500.47252867634
2457438.8448 5465.123745198716
2457438.8623 5546.257129579105
2457439.84376 5425.003216311501
2457439.86261 5425.003216311501
2457440.84848 5440.0137824672765
2457440.86098 5495.408738576242
2457441.83887 5510.614111390659
2457441.86297 5490.349610252039
2457442.82808 5455.065881703734
2457442.85558 5460.092497542736
2457443.85301 5470.159628939721
2457443.89683 5490.349610252039
2457444.83054 5435.005651294466
2457445.82223 5465.123745198716
2457445.84503 5455.065881703734
2457445.88477 5480.245321768504
2457446.82297 5495.408738576242
2457446.85995 5485.2951394120355
2457446.90006 5556.483128371262
2457447.83321 5485.2951394120355
2457447.87095 5475.200153037678
2457448.80438 5455.065881703734
2457448.85296 5515.691912608023
2457448.89546 5490.349610252039
2457449.82869 5520.774392807573
2457449.86029 5525.861556300781
2457449.88703 5480.245321768504
2457451.82106 5525.861556300781
2457451.84654 5485.2951394120355
2457451.89146 5525.861556300781
2457452.82912 5480.245321768504
2457452.87446 5450.043893417612
2457453.80276 5475.200153037678
2457453.84081 5510.614111390659
2457453.89469 5465.123745198716
2457454.85324 5430.002130657378
2457454.88651 5495.408738576242
2457455.8148 5520.774392807573
2457455.85976 5450.043893417612
2457456.79291 5425.003216311501
2457456.83486 5480.245321768504
2457456.88947 5556.483128371262
2457457.79656 5475.200153037678
2457457.84594 5515.691912608023
2457457.90068 5525.861556300781
2457458.81025 5475.200153037678
2457458.86491 5460.092497542736
2457458.90976 5465.123745198716
2457460.81387 5536.049950434006
2457460.86949 5460.092497542736
2457461.78155 5500.47252867634
2457461.82631 5470.159628939721
2457461.89009 5515.691912608023
2457462.77946 5470.159628939721
2457462.82799 5480.245321768504
2457462.88744 5470.159628939721
2457463.82541 5480.245321768504
2457463.88726 5510.614111390659
2457464.83768 5495.408738576242
2457465.7823 5460.092497542736
2457465.82704 5490.349610252039
2457465.88111 5505.540984847947
2457466.85265 5510.614111390659
2457466.90275 5510.614111390659
2457467.81682 5460.092497542736
2457467.86224 5536.049950434006
2457467.90718 5485.2951394120355
2457470.78852 5541.151189716864
2457470.83346 5505.540984847947
2457470.88656 5541.151189716864
2457471.75458 5520.774392807573
2457471.79897 5505.540984847947
2457471.8448 5445.026528424209
2457471.90093 5520.774392807573
2457472.76454 5530.953407403111
2457472.80918 5470.159628939721
2457472.85473 5536.049950434006
2457472.91148 5561.60319597592
2457473.82864 5541.151189716864
2457474.75809 5475.200153037678
2457474.79722 5485.2951394120355
2457474.83492 5460.092497542736
2457474.87367 5470.159628939721
2457474.91307 5495.408738576242
2457475.77738 5475.200153037678
2457475.81558 5505.540984847947
2457475.85554 5450.043893417612
2457475.89403 5475.200153037678
2457476.76658 5465.123745198716
2457476.84584 5510.614111390659
2457479.80793 5500.47252867634
2457479.82247 5561.60319597592
2457479.83641 5460.092497542736
2457480.77088 5566.727981509485
2457480.80251 5500.47252867634
2457480.82764 5546.257129579105
2457480.84662 5576.991723756762
2457480.86526 5480.245321768504
2457480.88318 5490.349610252039
2457480.89848 5505.540984847947
2457480.91332 5587.274389940206
2457484.72002 5536.049950434006
2457484.73571 5541.151189716864
2457484.74967 5505.540984847947
2457484.76359 5480.245321768504
2457484.77753 5576.991723756762
2457484.7971 5470.159628939721
2457484.81107 5475.200153037678
2457484.82504 5455.065881703734
2457484.8391 5510.614111390659
2457484.85318 5515.691912608023
2457484.87728 5485.2951394120355
2457484.89153 5515.691912608023
2457484.9065 5515.691912608023
2457484.92184 5440.0137824672765
2457485.71981 5561.60319597592
2457485.74162 5515.691912608023
2457485.75559 5515.691912608023
2457485.76963 5495.408738576242
2457485.78365 5530.953407403111
2457485.79755 5500.47252867634
2457485.81156 5500.47252867634
2457485.83217 5480.245321768504
2457485.84628 5465.123745198716
2457485.86054 5556.483128371262
2457485.87523 5480.245321768504
2457485.89031 5470.159628939721
2457485.90463 5536.049950434006
2457485.9191 5505.540984847947
2457486.71391 5561.60319597592
2457486.72977 5455.065881703734
2457486.74802 5556.483128371262
2457486.76199 5495.408738576242
2457486.77606 5440.0137824672765
2457486.78998 5541.151189716864
2457486.80393 5530.953407403111
2457486.81832 5505.540984847947
2457486.83235 5500.47252867634
2457486.8466 5546.257129579105
2457486.87086 5515.691912608023
2457486.88518 5470.159628939721
2457486.90147 5551.367774352115
2457486.91597 5530.953407403111
2457487.7108 5500.47252867634
2457487.725 5500.47252867634
2457487.73904 5520.774392807573
2457487.75567 5536.049950434006
2457487.76973 5455.065881703734
2457487.78592 5520.774392807573
2457487.80119 5495.408738576242
2457487.81523 5530.953407403111
2457487.84152 5505.540984847947
2457487.85578 5525.861556300781
2457487.86996 5440.0137824672765
2457487.8844 5465.123745198716
2457487.89997 5515.691912608023
2457487.91402 5490.349610252039
2457488.71041 5490.349610252039
2457488.72443 5480.245321768504
2457488.73907 5515.691912608023
2457488.75315 5500.47252867634
2457488.76755 5490.349610252039
2457488.78214 5495.408738576242
2457488.80878 5475.200153037678
2457488.83234 5546.257129579105
2457488.84676 5520.774392807573
2457488.86188 5520.774392807573
2457488.87667 5465.123745198716
2457488.89202 5500.47252867634
2457488.90635 5435.005651294466
2457488.92056 5515.691912608023
2457489.77746 5480.245321768504
2457489.78854 5500.47252867634
2457489.8067 5515.691912608023
2457489.82875 5510.614111390659
2457489.85795 5505.540984847947
2457489.90091 5505.540984847947
2457489.91475 5470.159628939721
2457489.929 5430.002130657378
2457491.69507 5405.053537086691
2457491.70904 5475.200153037678
2457491.72297 5582.130689177267
2457491.7369 5530.953407403111
2457491.75116 5546.257129579105
2457491.76539 5495.408738576242
2457491.77951 5515.691912608023
2457491.7938 5551.367774352115
2457491.81759 5470.159628939721
2457491.83172 5546.257129579105
2457491.85594 5515.691912608023
2457491.87026 5495.408738576242
2457491.88533 5515.691912608023
2457491.90034 5465.123745198716
2457491.91466 5455.065881703734
2457491.92893 5490.349610252039
2457492.69768 5460.092497542736
2457492.72216 5485.2951394120355
2457492.73879 5480.245321768504
2457492.75834 5455.065881703734
2457492.77404 5480.245321768504
2457492.79817 5510.614111390659
2457492.82308 5490.349610252039
2457492.84811 5500.47252867634
2457492.86414 5530.953407403111
2457492.88978 5520.774392807573
2457492.90632 5530.953407403111
2457492.92211 5520.774392807573
2457493.70513 5530.953407403111
2457493.72893 5485.2951394120355
2457493.74456 5480.245321768504
2457493.76017 5530.953407403111
2457493.77581 5515.691912608023
2457493.80952 5470.159628939721
2457493.83461 5440.0137824672765
2457493.85047 5440.0137824672765
2457493.86647 5505.540984847947
2457493.89176 5465.123745198716
2457493.90769 5530.953407403111
2457493.92335 5495.408738576242
2457494.70049 5495.408738576242
2457494.7243 5450.043893417612
2457494.74025 5520.774392807573
2457494.75941 5450.043893417612
2457494.77508 5536.049950434006
2457494.80887 5525.861556300781
2457494.83408 5515.691912608023
2457494.85054 5505.540984847947
2457494.86703 5515.691912608023
2457494.89261 5490.349610252039
2457494.90873 5465.123745198716
2457494.92439 5495.408738576242
2457495.68592 5495.408738576242
2457495.70985 5455.065881703734
2457495.72559 5530.953407403111
2457495.74124 5505.540984847947
2457495.75679 5485.2951394120355
2457495.78973 5530.953407403111
2457495.80533 5520.774392807573
2457495.8303 5525.861556300781
2457495.84692 5475.200153037678
2457495.87224 5495.408738576242
2457495.88863 5445.026528424209
2457495.90506 5485.2951394120355
2457495.9207 5480.245321768504
2457497.85315 5510.614111390659
2457497.87164 5510.614111390659
2457497.88864 5520.774392807573
2457497.91266 5465.123745198716
2457497.92827 5536.049950434006
2457498.70031 5450.043893417612
2457498.71605 5490.349610252039
2457498.73994 5470.159628939721
2457498.75561 5445.026528424209
2457498.78236 5470.159628939721
2457498.81257 5546.257129579105
2457498.84868 5440.0137824672765
2457498.86554 5515.691912608023
2457498.88196 5475.200153037678
2457498.90772 5435.005651294466
2457499.67399 5485.2951394120355
2457499.68955 5380.219571891122
2457499.70526 5440.0137824672765
2457499.72134 5500.47252867634
2457499.74512 5450.043893417612
2457499.76067 5475.200153037678
2457499.77629 5490.349610252039
2457499.79268 5571.857489319298
2457499.81646 5490.349610252039
2457499.83204 5515.691912608023
2457499.84809 5525.861556300781
2457499.86438 5520.774392807573
2457499.88924 5510.614111390659
2457499.90509 5500.47252867634
2457499.92098 5541.151189716864
2457500.67258 5390.139436325512
2457500.69021 5485.2951394120355
2457500.70579 5520.774392807573
2457500.72932 5485.2951394120355
2457500.74492 5530.953407403111
2457500.76067 5490.349610252039
2457500.77633 5480.245321768504
2457500.80008 5500.47252867634
2457500.81586 5520.774392807573
2457500.83149 5465.123745198716
2457500.84741 5495.408738576242
2457500.8742 5536.049950434006
2457500.8899 5475.200153037678
2457500.90574 5530.953407403111
2457500.92132 5460.092497542736
2457507.74027 5510.614111390659
2457507.75422 5505.540984847947
2457507.76819 5495.408738576242
2457507.78266 5510.614111390659
2457507.7966 5485.2951394120355
2457507.81064 5450.043893417612
2457507.82492 5536.049950434006
2457507.83955 5445.026528424209
2457507.85981 5475.200153037678
2457507.87387 5475.200153037678
2457507.88789 5495.408738576242
2457507.90217 5440.0137824672765
2457507.92079 5455.065881703734
2457507.93513 5490.349610252039
2457508.65294 5546.257129579105
2457508.66709 5475.200153037678
2457508.68122 5485.2951394120355
2457508.69535 5520.774392807573
2457508.70928 5541.151189716864
2457508.72334 5541.151189716864
2457508.73418 5460.092497542736
2457508.7482 5495.408738576242
2457508.76208 5490.349610252039
2457508.77601 5460.092497542736
2457508.79016 5475.200153037678
2457508.80422 5475.200153037678
2457508.8184 5450.043893417612
2457508.83318 5475.200153037678
2457508.84842 5536.049950434006
2457508.86291 5525.861556300781
2457508.87746 5475.200153037678
2457508.8916 5485.2951394120355
2457508.90696 5450.043893417612
2457508.92114 5485.2951394120355
2457508.93504 5450.043893417612
2457509.72738 5500.47252867634
2457509.74152 5520.774392807573
2457509.75564 5495.408738576242
2457509.76994 5525.861556300781
2457509.78401 5510.614111390659
2457509.79889 5515.691912608023
2457509.81384 5450.043893417612
2457509.82852 5470.159628939721
2457509.84404 5546.257129579105
2457509.85842 5520.774392807573
2457509.87256 5480.245321768504
2457509.88695 5465.123745198716
2457509.90113 5460.092497542736
2457509.91531 5520.774392807573
2457509.93222 5485.2951394120355
2457511.6816 5480.245321768504
2457511.69598 5485.2951394120355
2457511.70998 5525.861556300781
2457511.72397 5475.200153037678
2457511.73803 5490.349610252039
2457511.75208 5435.005651294466
2457511.76624 5465.123745198716
2457511.79036 5450.043893417612
2457511.80457 5455.065881703734
2457511.82968 5490.349610252039
2457511.84458 5525.861556300781
2457511.85936 5500.47252867634
2457511.8736 5485.2951394120355
2457511.88825 5500.47252867634
2457511.90228 5455.065881703734
2457511.91635 5490.349610252039
2457511.93029 5450.043893417612
2457512.70875 5455.065881703734
2457512.72439 5505.540984847947
2457512.73563 5515.691912608023
2457512.74685 5510.614111390659
2457512.75769 5420.008904016244
2457512.76797 5450.043893417612
2457512.77709 5485.2951394120355
2457512.78659 5551.367774352115
2457512.7891 5505.540984847947
2457512.81276 5510.614111390659
2457512.82768 5556.483128371262
2457512.85137 5465.123745198716
2457512.86573 5475.200153037678
2457512.87976 5480.245321768504
2457512.89387 5435.005651294466
2457512.90784 5525.861556300781
2457512.92447 5613.06407675201
2457513.74077 5505.540984847947
2457516.63599 5495.408738576242
2457516.65071 5410.034068634678
2457516.665 5475.200153037678
2457516.68096 5530.953407403111
2457516.70169 5500.47252867634
2457516.76323 5380.219571891122
2457516.77615 5485.2951394120355
2457517.76585 5520.774392807573
2457518.73721 5613.06407675201
2457518.82024 5500.47252867634
2457518.88561 5485.2951394120355
2457519.78029 5505.540984847947
2457519.82204 5515.691912608023
2457522.7008 5470.159628939721
2457522.78823 5475.200153037678
2457522.81468 5500.47252867634
2457522.82981 5525.861556300781
2457522.84748 5500.47252867634
2457522.86165 5520.774392807573
2457522.87619 5515.691912608023
2457522.89043 5525.861556300781
2457522.90448 5440.0137824672765
2457522.91866 5425.003216311501
2457522.93432 5475.200153037678
2457523.84502 5500.47252867634
2457523.86023 5485.2951394120355
2457523.87445 5460.092497542736
2457523.88859 5470.159628939721
2457523.90266 5485.2951394120355
2457523.91667 5470.159628939721
2457523.93073 5440.0137824672765
2457523.94473 5480.245321768504
2457526.61367 5515.691912608023
2457526.63334 5485.2951394120355
2457526.64918 5500.47252867634
2457526.66372 5505.540984847947
2457526.67896 5541.151189716864
2457526.69327 5500.47252867634
2457526.70909 5435.005651294466
2457526.72365 5525.861556300781
2457526.73803 5520.774392807573
2457526.76223 5360.43457816143
2457526.78894 5495.408738576242
2457526.80456 5485.2951394120355
2457526.83541 5480.245321768504
2457526.85007 5420.008904016244
2457526.86421 5440.0137824672765
2457526.87925 5495.408738576242
2457526.89333 5465.123745198716
2457526.90743 5515.691912608023
2457526.92163 5480.245321768504
2457526.93566 5455.065881703734
2457527.92561 5435.005651294466
2457528.76243 5470.159628939721
2457528.84066 5440.0137824672765
2457528.85472 5546.257129579105
2457528.87874 5475.200153037678
2457528.89297 5450.043893417612
2457528.90733 5490.349610252039
2457528.92136 5546.257129579105
2457528.93538 5440.0137824672765
2457529.74762 5455.065881703734
2457529.76209 5525.861556300781
2457529.77795 5450.043893417612
2457529.79322 5450.043893417612
2457529.80765 5480.245321768504
2457529.83055 5430.002130657378
2457529.88646 5460.092497542736
2457530.62852 5470.159628939721
2457530.64189 5475.200153037678
2457530.6572 5490.349610252039
2457530.67023 5435.005651294466
2457530.68551 5551.367774352115
2457530.70871 5440.0137824672765
2457530.73418 5505.540984847947
2457530.75589 5475.200153037678
2457530.77305 5440.0137824672765
2457530.79412 5475.200153037678
2457530.81197 5410.034068634678
2457530.83043 5450.043893417612
2457530.85244 5440.0137824672765
2457530.87499 5455.065881703734
2457530.89692 5530.953407403111
2457530.91021 5480.245321768504
2457530.93661 5445.026528424209
2457534.65356 5515.691912608023
2457534.66745 5475.200153037678
2457534.68142 5495.408738576242
2457534.69609 5525.861556300781
2457534.71045 5485.2951394120355
2457534.72441 5520.774392807573
2457534.73925 5470.159628939721
2457534.75827 5520.774392807573
2457534.77902 5470.159628939721
2457534.79306 5520.774392807573
2457534.80715 5440.0137824672765
2457534.82108 5541.151189716864
2457534.83824 5435.005651294466
2457534.85232 5420.008904016244
2457534.86677 5485.2951394120355
2457534.88404 5475.200153037678
2457534.89874 5470.159628939721
2457534.91341 5405.053537086691
2457534.93572 5546.257129579105
2457534.94546 5475.200153037678
2457536.58664 5525.861556300781
2457536.59307 5480.245321768504
2457536.60735 5541.151189716864
2457536.62279 5465.123745198716
2457536.6428 5465.123745198716
2457536.65833 5520.774392807573
2457536.67246 5556.483128371262
2457536.69562 5592.422830408998
2457536.70955 5440.0137824672765
2457536.73274 5485.2951394120355
2457536.74776 5480.245321768504
2457536.76231 5490.349610252039
2457536.77666 5520.774392807573
2457536.79077 5475.200153037678
2457536.80491 5480.245321768504
2457536.81899 5430.002130657378
2457536.83324 5460.092497542736
2457536.84729 5455.065881703734
2457536.86138 5410.034068634678
2457536.87625 5430.002130657378
2457536.89323 5445.026528424209
2457536.90815 5450.043893417612
2457536.93535 5505.540984847947
2457545.62658 5460.092497542736
2457545.6362 5475.200153037678
2457545.64526 5460.092497542736
2457545.65688 5490.349610252039
2457545.66894 5525.861556300781
2457545.6961 5465.123745198716
2457545.73015 5485.2951394120355
2457545.74084 5525.861556300781
2457545.75501 5530.953407403111
2457545.7648 5510.614111390659
2457545.77589 5561.60319597592
2457545.79996 5500.47252867634
2457545.82295 5470.159628939721
2457545.8369 5465.123745198716
2457545.85126 5470.159628939721
2457545.86522 5455.065881703734
2457545.87914 5465.123745198716
2457545.8947 5430.002130657378
2457545.90861 5465.123745198716
2457545.92324 5495.408738576242
2457545.93717 5450.043893417612
2457545.94688 5480.245321768504
2457546.60561 5536.049950434006
2457546.61686 5510.614111390659
2457546.63614 5480.245321768504
2457546.65002 5510.614111390659
2457546.65854 5530.953407403111
2457546.66965 5556.483128371262
2457546.6839 5480.245321768504
2457546.70149 5510.614111390659
2457546.71541 5510.614111390659
2457546.73018 5485.2951394120355
2457546.74771 5485.2951394120355
2457546.76186 5536.049950434006
2457546.77587 5485.2951394120355
2457546.78992 5460.092497542736
2457546.80429 5470.159628939721
2457546.81861 5520.774392807573
2457546.83265 5445.026528424209
2457546.84678 5445.026528424209
2457546.86089 5420.008904016244
2457546.87487 5430.002130657378
2457546.88886 5450.043893417612
2457546.90287 5385.177219975279
2457546.91698 5390.139436325512
2457546.93096 5360.43457816143
2457546.94187 5455.065881703734
2457547.5442 5470.159628939721
2457547.5573 5536.049950434006
2457547.57128 5460.092497542736
2457547.58526 5465.123745198716
2457547.59943 5510.614111390659
2457547.61376 5530.953407403111
2457547.62764 5525.861556300781
2457547.64193 5445.026528424209
2457547.65621 5490.349610252039
2457547.67357 5530.953407403111
2457547.69194 5500.47252867634
2457547.70934 5440.0137824672765
2457547.72337 5460.092497542736
2457547.7378 5505.540984847947
2457547.75577 5510.614111390659
2457547.76977 5520.774392807573
2457547.78378 5440.0137824672765
2457547.79787 5505.540984847947
2457547.812 5430.002130657378
2457547.82617 5485.2951394120355
2457547.84034 5510.614111390659
2457547.85443 5490.349610252039
2457547.86847 5490.349610252039
2457547.88239 5541.151189716864
2457547.89643 5495.408738576242
2457547.91035 5465.123745198716
2457547.9287 5475.200153037678
2457547.93801 5485.2951394120355
2457548.57935 5490.349610252039
2457548.59227 5460.092497542736
2457548.60724 5505.540984847947
2457548.62443 5500.47252867634
2457548.64107 5480.245321768504
2457548.65572 5500.47252867634
2457548.66886 5515.691912608023
2457548.68363 5536.049950434006
2457548.7029 5455.065881703734
2457548.71846 5445.026528424209
2457548.73268 5495.408738576242
2457548.74559 5490.349610252039
2457548.76241 5485.2951394120355
2457548.77531 5530.953407403111
2457548.79041 5495.408738576242
2457548.8046 5430.002130657378
2457548.82618 5490.349610252039
2457548.8402 5450.043893417612
2457548.85385 5510.614111390659
2457548.8688 5485.2951394120355
2457548.88292 5470.159628939721
2457548.8975 5475.200153037678
2457548.9126 5460.092497542736
2457548.92795 5435.005651294466
2457549.57446 5536.049950434006
2457549.58733 5510.614111390659
2457549.59858 5510.614111390659
2457549.61392 5490.349610252039
2457549.62508 5455.065881703734
2457549.639 5485.2951394120355
2457549.65308 5490.349610252039
2457549.67103 5430.002130657378
2457549.68557 5510.614111390659
2457549.70266 5510.614111390659
2457549.71701 5515.691912608023
2457549.73188 5525.861556300781
2457549.74687 5495.408738576242
2457549.76124 5445.026528424209
2457549.7752 5500.47252867634
2457549.79498 5470.159628939721
2457549.80895 5455.065881703734
2457549.82299 5430.002130657378
2457549.83699 5455.065881703734
2457549.85103 5460.092497542736
2457549.86497 5430.002130657378
2457549.87897 5430.002130657378
2457549.89294 5450.043893417612
2457549.90701 5420.008904016244
2457549.92099 5425.003216311501
2457549.93352 5455.065881703734
2457550.57319 5582.130689177267
2457550.58192 5551.367774352115
2457550.59487 5515.691912608023
2457550.6081 5556.483128371262
2457550.61912 5465.123745198716
2457550.6332 5485.2951394120355
2457550.64736 5480.245321768504
2457550.66155 5500.47252867634
2457550.67591 5510.614111390659
2457550.69008 5485.2951394120355
2457550.70914 5435.005651294466
2457550.7252 5480.245321768504
2457550.74358 5475.200153037678
2457550.75907 5485.2951394120355
2457550.77311 5465.123745198716
2457550.78758 5525.861556300781
2457550.80153 5465.123745198716
2457550.81553 5515.691912608023
2457550.82949 5455.065881703734
2457550.84359 5500.47252867634
2457550.85792 5420.008904016244
2457550.87187 5405.053537086691
2457550.88585 5455.065881703734
2457550.90048 5385.177219975279
2457550.91452 5395.1062251512785
2457550.92842 5525.861556300781
2457551.60799 5500.47252867634
2457552.73862 5480.245321768504
2457552.79768 5485.2951394120355
2457554.56221 5420.008904016244
2457554.59019 5485.2951394120355
2457554.60743 5490.349610252039
2457554.62379 5520.774392807573
2457554.64587 5460.092497542736
2457554.66275 5485.2951394120355
2457554.68785 5505.540984847947
2457554.73566 5505.540984847947
2457554.75376 5495.408738576242
2457554.79178 5470.159628939721
2457554.88471 5420.008904016244
2457555.52906 5530.953407403111
2457555.54557 5480.245321768504
2457555.56257 5505.540984847947
2457555.58058 5520.774392807573
2457555.59635 5490.349610252039
2457555.61092 5515.691912608023
2457555.62593 5450.043893417612
2457555.64112 5470.159628939721
2457555.65637 5490.349610252039
2457555.67158 5445.026528424209
2457555.68691 5470.159628939721
2457555.70302 5430.002130657378
2457555.71942 5505.540984847947
2457555.7345 5475.200153037678
2457555.74957 5470.159628939721
2457555.76377 5410.034068634678
2457555.77783 5520.774392807573
2457555.79243 5460.092497542736
2457555.80655 5475.200153037678
2457555.82108 5470.159628939721
2457555.8352 5475.200153037678
2457555.86105 5490.349610252039
2457555.88407 5510.614111390659
2457555.89822 5455.065881703734
2457555.91229 5510.614111390659
2457557.53409 5520.774392807573
2457557.54879 5505.540984847947
2457557.56493 5405.053537086691
2457557.57962 5420.008904016244
2457557.5958 5475.200153037678
2457557.6238 5455.065881703734
2457557.64002 5541.151189716864
2457557.65911 5445.026528424209
2457557.67589 5470.159628939721
2457557.70825 5485.2951394120355
2457557.72623 5500.47252867634
2457557.74405 5495.408738576242
2457557.76066 5455.065881703734
2457557.79337 5500.47252867634
2457557.82004 5475.200153037678
2457557.83658 5505.540984847947
2457557.85374 5450.043893417612
2457557.8703 5445.026528424209
2457557.88574 5450.043893417612
2457557.90138 5525.861556300781
2457557.91459 5505.540984847947
2457561.51809 5490.349610252039
2457561.53295 5460.092497542736
2457561.57704 5420.008904016244
2457561.59398 5480.245321768504
2457561.61008 5495.408738576242
2457561.62472 5455.065881703734
2457561.63975 5520.774392807573
2457561.6541 5455.065881703734
2457561.67442 5450.043893417612
2457561.69041 5465.123745198716
2457561.70537 5450.043893417612
2457561.72756 5485.2951394120355
2457561.7421 5440.0137824672765
2457561.7571 5450.043893417612
2457561.77132 5505.540984847947
2457561.78589 5505.540984847947
2457561.7975 5450.043893417612
2457561.8102 5475.200153037678
2457561.82576 5465.123745198716
2457561.84008 5520.774392807573
2457561.85681 5505.540984847947
2457562.52125 5475.200153037678
2457562.5313 5455.065881703734
2457562.54551 5455.065881703734
2457562.55943 5561.60319597592
2457562.57398 5370.317963702521
2457562.59088 5500.47252867634
2457562.6069 5465.123745198716
2457562.62525 5505.540984847947
2457562.64711 5510.614111390659
2457562.66558 5465.123745198716
2457566.53205 5500.47252867634
2457566.54733 5541.151189716864
2457566.56136 5551.367774352115
2457566.57566 5475.200153037678
2457566.5991 5455.065881703734
2457566.61302 5530.953407403111
2457566.63769 5490.349610252039
2457566.65191 5475.200153037678
2457566.66617 5470.159628939721
2457566.68049 5530.953407403111
2457566.69529 5515.691912608023
2457566.7099 5470.159628939721
2457566.72541 5485.2951394120355
2457566.73957 5495.408738576242
2457566.75365 5435.005651294466
2457566.76777 5460.092497542736
2457566.7823 5500.47252867634
2457566.7964 5480.245321768504
2457566.8105 5410.034068634678
2457566.82462 5475.200153037678
2457566.83875 5525.861556300781
2457566.85288 5475.200153037678
2457566.86697 5566.727981509485
2457566.87969 5425.003216311501
2457567.50425 5525.861556300781
2457567.5189 5500.47252867634
2457567.53293 5395.1062251512785
2457567.54706 5490.349610252039
2457567.56187 5470.159628939721
2457567.57585 5445.026528424209
2457567.59012 5485.2951394120355
2457567.61345 5500.47252867634
2457567.62898 5495.408738576242
2457567.65219 5460.092497542736
2457567.66697 5536.049950434006
2457567.68201 5520.774392807573
2457567.69672 5505.540984847947
2457567.71128 5445.026528424209
2457567.72536 5460.092497542736
2457567.74053 5505.540984847947
2457567.75452 5415.019189534895
2457567.76853 5425.003216311501
2457567.78261 5530.953407403111
2457567.79685 5475.200153037678
2457567.81077 5551.367774352115
2457567.82476 5495.408738576242
2457567.83882 5510.614111390659
2457567.85283 5460.092497542736
2457567.86695 5510.614111390659
2457567.88267 5405.053537086691
2457568.50319 5475.200153037678
2457568.56995 5500.47252867634
2457568.58374 5530.953407403111
2457568.59772 5465.123745198716
2457568.61294 5490.349610252039
2457568.62693 5495.408738576242
2457568.64108 5500.47252867634
2457568.66658 5425.003216311501
2457568.68169 5566.727981509485
2457568.70704 5470.159628939721
2457568.72109 5495.408738576242
2457568.73557 5490.349610252039
2457568.75332 5510.614111390659
2457568.76743 5505.540984847947
2457568.78159 5530.953407403111
2457568.79558 5500.47252867634
2457568.81095 5495.408738576242
2457568.84664 5505.540984847947
2457569.54446 5556.483128371262
2457569.55849 5480.245321768504
2457569.57238 5530.953407403111
2457569.58723 5495.408738576242
2457569.60121 5525.861556300781
2457569.61548 5571.857489319298
2457569.64072 5495.408738576242
2457569.65493 5515.691912608023
2457569.68161 5485.2951394120355
2457569.69594 5525.861556300781
2457569.71276 5490.349610252039
2457569.72689 5510.614111390659
2457569.74124 5500.47252867634
2457569.75539 5520.774392807573
2457569.77083 5455.065881703734
2457569.78501 5470.159628939721
2457569.79905 5465.123745198716
2457569.81361 5566.727981509485
2457569.82825 5485.2951394120355
2457570.58123 5515.691912608023
2457570.65973 5490.349610252039
2457570.67995 5470.159628939721
2457570.69252 5525.861556300781
2457570.70669 5510.614111390659
2457570.72107 5525.861556300781
2457570.73455 5530.953407403111
2457570.75048 5500.47252867634
2457570.7643 5500.47252867634
2457570.78239 5500.47252867634
2457570.79614 5490.349610252039
2457570.83064 5440.0137824672765
2457570.84378 5485.2951394120355
2457573.58889 5490.349610252039
2457573.60153 5505.540984847947
2457573.62401 5561.60319597592
2457573.63719 5490.349610252039
2457573.65193 5470.159628939721
2457573.67787 5520.774392807573
2457573.69055 5450.043893417612
2457573.7064 5500.47252867634
2457573.7191 5430.002130657378
2457573.7333 5485.2951394120355
2457575.51948 5520.774392807573
2457575.53263 5525.861556300781
2457575.54582 5510.614111390659
2457575.56898 5536.049950434006
2457575.58185 5495.408738576242
2457575.62169 5546.257129579105
2457575.63449 5536.049950434006
2457575.65763 5536.049950434006
2457575.67147 5571.857489319298
2457575.68458 5541.151189716864
2457575.69872 5571.857489319298
2457575.71131 5510.614111390659
2457575.724 5495.408738576242
2457575.73691 5480.245321768504
2457575.7498 5520.774392807573
2457575.76263 5500.47252867634
2457575.77532 5495.408738576242
2457575.7882 5455.065881703734
2457575.80099 5455.065881703734
2457575.81388 5435.005651294466
2457575.82646 5450.043893417612
2457575.83944 5485.2951394120355
2457575.84755 5440.0137824672765
2457576.47664 5455.065881703734
2457576.48957 5495.408738576242
2457576.50227 5536.049950434006
2457576.515 5475.200153037678
2457576.52758 5460.092497542736
2457576.54129 5500.47252867634
2457576.57031 5485.2951394120355
2457576.5831 5515.691912608023
2457576.60559 5495.408738576242
2457576.6276 5495.408738576242
2457576.64194 5410.034068634678
2457576.65558 5520.774392807573
2457576.66958 5495.408738576242
2457576.6826 5445.026528424209
2457576.69558 5470.159628939721
2457576.70827 5435.005651294466
2457576.7209 5415.019189534895
2457576.73411 5480.245321768504
2457576.74662 5525.861556300781
2457576.75933 5455.065881703734
2457576.77172 5525.861556300781
2457576.78466 5450.043893417612
2457576.7977 5480.245321768504
2457576.81047 5435.005651294466
2457576.82313 5465.123745198716
2457576.83574 5520.774392807573
2457577.5245 5450.043893417612
2457577.53974 5440.0137824672765
2457577.55408 5525.861556300781
2457577.56859 5525.861556300781
2457577.58319 5495.408738576242
2457577.65081 5475.200153037678
2457579.59379 5500.47252867634
2457579.61034 5460.092497542736
2457579.62421 5520.774392807573
2457579.63968 5460.092497542736
2457579.66533 5582.130689177267
2457579.70568 5500.47252867634
2457579.71936 5505.540984847947
2457579.73305 5475.200153037678
2457579.74654 5480.245321768504
2457579.76047 5450.043893417612
2457579.78536 5460.092497542736
2457581.70697 5500.47252867634
2457581.72253 5536.049950434006
2457581.74754 5485.2951394120355
2457581.77346 5460.092497542736
2457581.7889 5440.0137824672765
2457581.80356 5505.540984847947
2457581.81725 5450.043893417612
2457581.82939 5430.002130657378
2457581.83994 5485.2951394120355
2457582.65632 5530.953407403111
2457582.67014 5465.123745198716
2457582.69258 5465.123745198716
2457582.7059 5485.2951394120355
2457582.72859 5485.2951394120355
2457582.77651 5445.026528424209
2457583.69335 5500.47252867634
2457583.72704 5415.019189534895
2457583.74148 5480.245321768504
2457583.75513 5500.47252867634
2457583.7678 5510.614111390659
2457583.78149 5470.159628939721
2457583.81181 5480.245321768504
2457584.49947 5510.614111390659
2457584.51211 5475.200153037678
2457584.52504 5430.002130657378
2457584.53767 5425.003216311501
2457584.5507 5500.47252867634
2457584.56365 5490.349610252039
2457584.57636 5480.245321768504
2457584.58902 5505.540984847947
2457584.60185 5485.2951394120355
2457584.61477 5480.245321768504
2457584.62796 5510.614111390659
2457584.64192 5500.47252867634
2457584.65517 5440.0137824672765
2457584.66783 5445.026528424209
2457584.68052 5500.47252867634
2457584.69308 5435.005651294466
2457584.70591 5420.008904016244
2457584.71872 5445.026528424209
2457584.73148 5440.0137824672765
2457584.75474 5420.008904016244
2457584.76892 5425.003216311501
2457584.7818 5420.008904016244
2457584.80808 5370.317963702521
2457584.82116 5455.065881703734
2457584.82791 5455.065881703734
2457589.46821 5490.349610252039
2457589.48368 5445.026528424209
2457589.49749 5500.47252867634
2457589.5123 5510.614111390659
2457589.52533 5536.049950434006
2457589.54294 5500.47252867634
2457589.55571 5465.123745198716
2457589.56852 5470.159628939721
2457589.58176 5520.774392807573
2457589.59652 5530.953407403111
2457589.60977 5460.092497542736
2457589.62609 5390.139436325512
2457589.64375 5505.540984847947
2457589.65897 5470.159628939721
2457589.6711 5470.159628939721
2457589.68376 5470.159628939721
2457589.69661 5475.200153037678
2457589.70925 5410.034068634678
2457589.72218 5480.245321768504
2457589.74308 5470.159628939721
2457589.75567 5420.008904016244
2457589.76857 5465.123745198716
2457589.7813 5430.002130657378
2457589.79395 5410.034068634678
2457589.8061 5470.159628939721
2457590.4706 5445.026528424209
2457590.48323 5465.123745198716
2457590.49557 5480.245321768504
2457590.50845 5525.861556300781
2457590.52124 5465.123745198716
2457590.53361 5505.540984847947
2457590.54622 5480.245321768504
2457590.55863 5485.2951394120355
2457590.57169 5485.2951394120355
2457590.58476 5500.47252867634
2457590.59792 5470.159628939721
2457590.61174 5470.159628939721
2457590.62752 5430.002130657378
2457590.64316 5500.47252867634
2457590.65606 5490.349610252039
2457590.66886 5475.200153037678
2457590.68132 5455.065881703734
2457590.69404 5420.008904016244
2457590.70659 5405.053537086691
2457590.71932 5435.005651294466
2457590.73171 5415.019189534895
2457590.75882 5465.123745198716
2457590.80449 5415.019189534895
2457591.47587 5445.026528424209
2457591.50251 5485.2951394120355
2457591.52279 5561.60319597592
2457591.53665 5495.408738576242
2457591.55516 5644.168881751422
2457591.56987 5628.594992827296
2457593.4696 5541.151189716864
2457593.48374 5510.614111390659
2457593.49635 5440.0137824672765
2457593.50883 5475.200153037678
2457593.53147 5525.861556300781
2457593.54404 5525.861556300781
2457593.56568 5541.151189716864
2457593.57799 5475.200153037678
2457593.59052 5510.614111390659
2457593.60928 5515.691912608023
2457593.62413 5546.257129579105
2457593.63664 5495.408738576242
2457593.64938 5505.540984847947
2457593.66211 5475.200153037678
2457593.6746 5490.349610252039
2457593.68692 5460.092497542736
2457593.69929 5510.614111390659
2457593.71212 5495.408738576242
2457593.72466 5460.092497542736
2457593.73801 5470.159628939721
2457593.75051 5450.043893417612
2457593.76295 5455.065881703734
2457593.7754 5420.008904016244
2457593.78798 5430.002130657378
2457593.79579 5465.123745198716
2457593.80373 5475.200153037678
2457595.51129 5515.691912608023
2457595.52371 5510.614111390659
2457595.57573 5582.130689177267
2457595.60576 5561.60319597592
2457595.64136 5500.47252867634
2457595.70821 5597.576014951099
2457596.47113 5500.47252867634
2457596.4836 5445.026528424209
2457596.50286 5455.065881703734
2457596.5159 5490.349610252039
2457596.53741 5505.540984847947
2457596.5498 5465.123745198716
2457596.57566 5495.408738576242
2457596.58828 5445.026528424209
2457596.61119 5530.953407403111
2457597.56941 5465.123745198716
2457599.47079 5490.349610252039
2457599.48321 5515.691912608023
2457599.51006 5576.991723756762
2457599.53822 5520.774392807573
2457599.55061 5613.06407675201
2457599.57752 5510.614111390659
2457599.59147 5505.540984847947
2457599.62181 5460.092497542736
2457599.6349 5541.151189716864
2457599.65524 5465.123745198716
2457599.68698 5465.123745198716
2457599.71586 5465.123745198716
2457599.73229 5480.245321768504
2457599.74493 5475.200153037678
2457599.75744 5515.691912608023
2457599.77009 5485.2951394120355
2457599.7824 5495.408738576242
2457599.79516 5430.002130657378
2457600.4782 5510.614111390659
2457600.49244 5546.257129579105
2457600.51904 5597.576014951099
2457600.54721 5515.691912608023
2457600.55983 5556.483128371262
2457600.58407 5566.727981509485
2457600.61363 5505.540984847947
2457600.64251 5425.003216311501
2457600.65487 5510.614111390659
2457600.67663 5450.043893417612
2457600.68922 5450.043893417612
2457600.70161 5515.691912608023
2457600.74703 5465.123745198716
2457600.77616 5500.47252867634
2457601.53652 5485.2951394120355
2457601.71375 5485.2951394120355
2457601.74018 5525.861556300781
2457601.75255 5495.408738576242
2457601.76499 5510.614111390659
2457601.77748 5455.065881703734
2457602.47087 5510.614111390659
2457602.48367 5566.727981509485
2457602.49624 5576.991723756762
2457602.51704 5475.200153037678
2457602.52946 5546.257129579105
2457602.5418 5587.274389940206
2457602.55439 5607.8966337451
2457602.56738 5485.2951394120355
2457602.58082 5485.2951394120355
2457602.5944 5515.691912608023
2457602.61589 5525.861556300781
2457602.63782 5485.2951394120355
2457602.65074 5495.408738576242
2457602.66325 5465.123745198716
2457602.67616 5465.123745198716
2457602.6886 5530.953407403111
2457602.70092 5541.151189716864
2457602.71345 5495.408738576242
2457602.7284 5515.691912608023
2457602.74082 5460.092497542736
2457602.75319 5536.049950434006
2457602.76572 5546.257129579105
2457602.77678 5415.019189534895
2457603.47131 5485.2951394120355
2457603.48403 5495.408738576242
2457603.49645 5525.861556300781
2457603.50889 5510.614111390659
2457603.52143 5480.245321768504
2457603.54291 5490.349610252039
2457603.55579 5536.049950434006
2457603.57763 5515.691912608023
2457603.59084 5480.245321768504
2457603.60355 5525.861556300781
2457603.61639 5510.614111390659
2457603.62898 5541.151189716864
2457603.64146 5480.245321768504
2457603.65405 5490.349610252039
2457603.6665 5485.2951394120355
2457603.67897 5525.861556300781
2457603.69133 5495.408738576242
2457603.70367 5490.349610252039
2457603.71877 5536.049950434006
2457603.73119 5505.540984847947
2457603.74395 5495.408738576242
2457603.75642 5500.47252867634
2457603.76879 5455.065881703734
2457603.78122 5455.065881703734
2457604.47888 5510.614111390659
2457604.49491 5500.47252867634
2457604.50731 5500.47252867634
2457604.51976 5500.47252867634
2457604.53226 5551.367774352115
2457604.54462 5460.092497542736
2457604.55708 5510.614111390659
2457604.57035 5536.049950434006
2457604.58393 5505.540984847947
2457604.59712 5587.274389940206
2457604.60984 5571.857489319298
2457604.62246 5475.200153037678
2457604.63519 5561.60319597592
2457604.6487 5500.47252867634
2457604.66113 5520.774392807573
2457604.6736 5495.408738576242
2457604.68606 5515.691912608023
2457604.69851 5495.408738576242
2457604.71116 5455.065881703734
2457604.72386 5490.349610252039
2457604.73701 5480.245321768504
2457604.74934 5470.159628939721
2457604.76204 5495.408738576242
2457605.47369 5541.151189716864
2457605.48615 5520.774392807573
2457605.4986 5480.245321768504
2457605.51585 5541.151189716864
2457605.5284 5465.123745198716
2457605.54102 5510.614111390659
2457605.56308 5465.123745198716
2457605.58019 5510.614111390659
2457605.60196 5541.151189716864
2457605.61455 5505.540984847947
2457605.62713 5470.159628939721
2457605.63962 5536.049950434006
2457605.65236 5520.774392807573
2457605.66488 5485.2951394120355
2457605.67754 5510.614111390659
2457605.69004 5490.349610252039
2457605.7024 5536.049950434006
2457605.71474 5485.2951394120355
2457605.72719 5470.159628939721
2457605.73968 5510.614111390659
2457605.75199 5515.691912608023
2457605.76432 5515.691912608023
2457605.7767 5440.0137824672765
2457606.65891 5546.257129579105
2457606.67344 5475.200153037678
2457606.68837 5515.691912608023
2457606.70341 5475.200153037678
2457606.7185 5576.991723756762
2457606.73889 5515.691912608023
2457607.47118 5495.408738576242
2457607.4862 5566.727981509485
2457607.5013 5480.245321768504
2457607.52523 5470.159628939721
2457607.54979 5520.774392807573
2457607.5662 5490.349610252039
2457607.58268 5525.861556300781
2457607.59767 5566.727981509485
2457607.6124 5525.861556300781
2457607.62699 5546.257129579105
2457607.64154 5500.47252867634
2457607.65605 5495.408738576242
2457607.67063 5510.614111390659
2457607.68506 5475.200153037678
2457607.69965 5455.065881703734
2457607.71415 5475.200153037678
2457607.72865 5500.47252867634
2457607.74148 5490.349610252039
2457607.75416 5510.614111390659
2457608.47299 5500.47252867634
2457608.48751 5465.123745198716
2457608.5021 5505.540984847947
2457608.52103 5500.47252867634
2457608.54567 5515.691912608023
2457608.5853 5510.614111390659
2457608.60018 5465.123745198716
2457608.6187 5435.005651294466
2457608.63346 5500.47252867634
2457608.64821 5465.123745198716
2457608.66298 5520.774392807573
2457608.67787 5405.053537086691
2457608.69263 5430.002130657378
2457608.70737 5470.159628939721
2457608.7229 5460.092497542736
2457608.73774 5415.019189534895
2457608.75017 5510.614111390659
2457608.76259 5455.065881703734
2457609.47383 5561.60319597592
2457609.48851 5490.349610252039
2457609.50327 5455.065881703734
2457609.51808 5485.2951394120355
2457609.53277 5465.123745198716
2457609.55863 5490.349610252039
2457609.58424 5541.151189716864
2457609.59939 5505.540984847947
2457609.61429 5445.026528424209
2457609.62889 5435.005651294466
2457609.64344 5475.200153037678
2457609.65902 5515.691912608023
2457609.67614 5510.614111390659
2457609.69282 5566.727981509485
2457609.7087 5485.2951394120355
2457609.72143 5541.151189716864
2457609.73401 5505.540984847947
2457609.74033 5546.257129579105
2457609.7499 5455.065881703734
2457609.75931 5460.092497542736
2457610.47229 5460.092497542736
2457610.48758 5566.727981509485
2457610.50251 5510.614111390659
2457610.5173 5520.774392807573
2457610.53293 5490.349610252039
2457610.55296 5510.614111390659
2457610.57846 5525.861556300781
2457610.6028 5541.151189716864
2457610.61751 5445.026528424209
2457610.63215 5561.60319597592
2457610.64676 5520.774392807573
2457610.66147 5530.953407403111
2457610.6763 5490.349610252039
2457610.69096 5505.540984847947
2457610.70547 5480.245321768504
2457610.72025 5460.092497542736
2457611.48574 5435.005651294466
2457611.52285 5551.367774352115
2457611.55971 5556.483128371262
2457611.58871 5530.953407403111
2457611.63229 5490.349610252039
2457611.64752 5556.483128371262
2457611.66241 5480.245321768504
2457611.67808 5500.47252867634
2457611.72943 5455.065881703734
2457611.74407 5530.953407403111
2457612.48007 5480.245321768504
2457612.49521 5425.003216311501
2457612.50784 5455.065881703734
2457612.52047 5505.540984847947
2457612.533 5485.2951394120355
2457612.5455 5485.2951394120355
2457612.56005 5505.540984847947
2457612.5738 5495.408738576242
2457612.58623 5505.540984847947
2457612.5988 5556.483128371262
2457612.61151 5455.065881703734
2457612.62402 5460.092497542736
2457612.63645 5546.257129579105
2457612.64902 5510.614111390659
2457612.66163 5460.092497542736
2457612.67432 5490.349610252039
2457612.68685 5530.953407403111
2457612.69929 5445.026528424209
2457612.71193 5515.691912608023
2457612.72456 5460.092497542736
2457612.73721 5440.0137824672765
2457612.74869 5465.123745198716
2457616.48208 5445.026528424209
2457616.49706 5465.123745198716
2457616.51229 5490.349610252039
2457616.54517 5490.349610252039
2457616.56089 5475.200153037678
2457616.57592 5495.408738576242
2457616.59088 5505.540984847947
2457616.60763 5455.065881703734
2457616.62231 5450.043893417612
2457616.65582 5455.065881703734
2457616.67504 5490.349610252039
2457616.68997 5455.065881703734
2457616.72853 5435.005651294466
2457616.7391 5425.003216311501
2457617.49518 5520.774392807573
2457617.51014 5480.245321768504
2457617.52582 5460.092497542736
2457617.54185 5505.540984847947
2457617.55804 5480.245321768504
2457617.57291 5510.614111390659
2457617.58763 5435.005651294466
2457617.60221 5576.991723756762
2457617.61677 5525.861556300781
2457617.63139 5485.2951394120355
2457617.64598 5470.159628939721
2457617.66055 5425.003216311501
2457617.6753 5470.159628939721
2457617.68975 5465.123745198716
2457617.70439 5500.47252867634
2457617.7185 5520.774392807573
2457617.73025 5470.159628939721
2457618.47414 5465.123745198716
2457618.48897 5571.857489319298
2457618.50322 5541.151189716864
2457618.51927 5500.47252867634
2457618.53508 5500.47252867634
2457618.55048 5510.614111390659
2457618.56479 5520.774392807573
2457618.5794 5470.159628939721
2457618.59383 5525.861556300781
2457618.60839 5485.2951394120355
2457618.62299 5515.691912608023
2457618.63765 5500.47252867634
2457618.65213 5480.245321768504
2457618.66666 5541.151189716864
2457618.68134 5475.200153037678
2457618.69395 5445.026528424209
2457618.70648 5450.043893417612
2457618.71904 5470.159628939721
2457618.73169 5455.065881703734
2457619.52245 5520.774392807573
2457619.53838 5566.727981509485
2457619.55539 5541.151189716864
2457619.57909 5485.2951394120355
2457621.47258 5475.200153037678
2457621.48762 5475.200153037678
2457621.51981 5500.47252867634
2457621.5362 5515.691912608023
2457621.55138 5495.408738576242
2457621.56631 5500.47252867634
2457621.58124 5450.043893417612
2457621.60167 5505.540984847947
2457621.61623 5505.540984847947
2457621.63627 5541.151189716864
2457621.65091 5460.092497542736
2457621.66589 5551.367774352115
2457621.68056 5455.065881703734
2457621.69756 5375.2664878674495
2457622.47181 5455.065881703734
2457622.48703 5470.159628939721
2457622.50899 5435.005651294466
2457622.52482 5500.47252867634
2457622.54011 5470.159628939721
2457622.55817 5505.540984847947
2457622.57295 5475.200153037678
2457622.58859 5510.614111390659
2457622.61254 5495.408738576242
2457622.6367 5460.092497542736
2457622.6514 5445.026528424209
2457622.66619 5485.2951394120355
2457622.68132 5425.003216311501
2457622.69384 5450.043893417612
2457622.70972 5440.0137824672765
2457622.71919 5475.200153037678
2457623.47209 5455.065881703734
2457623.48741 5505.540984847947
2457623.50351 5465.123745198716
2457623.51865 5490.349610252039
2457623.5342 5525.861556300781
2457623.54884 5525.861556300781
2457623.57327 5470.159628939721
2457623.59752 5490.349610252039
2457623.61236 5460.092497542736
2457623.62692 5475.200153037678
2457623.64175 5440.0137824672765
2457623.65641 5495.408738576242
2457623.67107 5515.691912608023
2457623.68577 5400.077590665924
2457623.6998 5450.043893417612
2457623.71258 5480.245321768504
2457624.47435 5455.065881703734
2457624.48936 5515.691912608023
2457624.50431 5465.123745198716
2457624.52131 5541.151189716864
2457624.5462 5460.092497542736
2457624.57034 5500.47252867634
2457624.58556 5500.47252867634
2457624.60375 5505.540984847947
2457624.61879 5435.005651294466
2457624.63375 5465.123745198716
2457624.65038 5490.349610252039
2457624.66558 5510.614111390659
2457624.68043 5440.0137824672765
2457625.47614 5470.159628939721
2457625.49142 5485.2951394120355
2457625.5074 5455.065881703734
2457625.53085 5530.953407403111
2457625.55491 5500.47252867634
2457625.57922 5445.026528424209
2457625.59395 5475.200153037678
2457625.60858 5510.614111390659
2457625.62308 5485.2951394120355
2457625.63791 5455.065881703734
2457625.65276 5541.151189716864
2457625.67726 5500.47252867634
2457626.47895 5460.092497542736
2457626.49425 5515.691912608023
2457626.50965 5515.691912608023
2457626.52637 5465.123745198716
2457626.54158 5495.408738576242
2457626.56438 5520.774392807573
2457626.59189 5445.026528424209
2457626.61618 5425.003216311501
2457626.631 5465.123745198716
2457626.64586 5525.861556300781
2457626.66064 5530.953407403111
2457626.67573 5510.614111390659
2457630.47751 5495.408738576242
2457630.50346 5510.614111390659
2457630.52927 5490.349610252039
2457630.54417 5445.026528424209
2457630.55895 5450.043893417612
2457630.57408 5505.540984847947
2457630.58881 5465.123745198716
2457630.60334 5490.349610252039
2457630.61825 5470.159628939721
2457630.6334 5445.026528424209
2457630.64804 5410.034068634678
2457630.66247 5440.0137824672765
2457631.47533 5450.043893417612
2457631.49608 5435.005651294466
2457631.52065 5455.065881703734
2457631.53605 5490.349610252039
2457631.55127 5465.123745198716
2457631.56595 5475.200153037678
2457631.58063 5475.200153037678
2457631.59593 5455.065881703734
2457631.61058 5475.200153037678
2457631.62508 5505.540984847947
2457631.63963 5480.245321768504
2457631.65416 5430.002130657378
2457632.47489 5455.065881703734
2457632.49547 5485.2951394120355
2457632.52008 5470.159628939721
2457632.53545 5490.349610252039
2457632.55051 5495.408738576242
2457632.56546 5480.245321768504
2457632.58084 5445.026528424209
2457632.59577 5485.2951394120355
2457632.61042 5425.003216311501
2457632.62502 5490.349610252039
2457632.63938 5495.408738576242
2457632.65314 5385.177219975279
2457633.54753 5490.349610252039
2457633.56261 5530.953407403111
2457633.57784 5455.065881703734
2457633.59283 5515.691912608023
2457633.60851 5525.861556300781
2457633.62333 5475.200153037678
2457633.63816 5455.065881703734
2457633.6505 5470.159628939721
2457634.49406 5510.614111390659
2457634.52418 5485.2951394120355
2457634.53887 5520.774392807573
2457634.55456 5460.092497542736
2457634.56935 5490.349610252039
2457634.58402 5495.408738576242
2457635.48003 5450.043893417612
2457635.50127 5525.861556300781
2457635.51578 5530.953407403111
2457635.53982 5525.861556300781
2457635.55463 5536.049950434006
2457635.57465 5490.349610252039
2457635.59178 5530.953407403111
2457635.61107 5455.065881703734
2457636.47656 5541.151189716864
2457636.49411 5520.774392807573
2457636.50908 5505.540984847947
2457636.53132 5592.422830408998
2457636.54612 5525.861556300781
2457636.56097 5480.245321768504
2457636.57658 5520.774392807573
2457636.59126 5470.159628939721
2457636.60609 5530.953407403111
2457636.6208 5460.092497542736
2457636.63319 5500.47252867634
2457636.64729 5365.373995198518
2457637.47734 5435.005651294466
2457637.49331 5440.0137824672765
2457637.51881 5465.123745198716
2457637.53392 5465.123745198716
2457637.55172 5455.065881703734
2457637.5667 5505.540984847947
2457637.58115 5455.065881703734
2457637.59557 5460.092497542736
2457637.61026 5460.092497542736
2457637.62491 5465.123745198716
2457637.63755 5455.065881703734
2457638.48353 5480.245321768504
2457638.499 5490.349610252039
2457638.51736 5430.002130657378
2457638.53205 5450.043893417612
2457638.54717 5400.077590665924
2457638.56838 5445.026528424209
2457638.59606 5510.614111390659
2457638.62187 5485.2951394120355
2457639.47713 5465.123745198716
2457639.49828 5465.123745198716
2457639.5135 5530.953407403111
2457639.53129 5546.257129579105
2457639.55594 5520.774392807573
2457639.57114 5495.408738576242
2457639.58672 5465.123745198716
2457639.60178 5510.614111390659
2457639.61621 5520.774392807573
2457639.63066 5495.408738576242
2457643.49826 5541.151189716864
2457643.50074 5541.151189716864
2457643.54855 5455.065881703734
2457643.57425 5525.861556300781
2457643.60024 5520.774392807573
2457643.61736 5470.159628939721
2457643.63203 5576.991723756762
2457644.50106 5505.540984847947
2457644.51405 5480.245321768504
2457644.52661 5490.349610252039
2457644.53894 5505.540984847947
2457644.55187 5460.092497542736
2457644.56482 5566.727981509485
2457644.58197 5510.614111390659
2457644.60275 5485.2951394120355
2457644.6197 5415.019189534895
2457645.47995 5455.065881703734
2457645.49478 5530.953407403111
2457645.50945 5415.019189534895
2457645.52589 5571.857489319298
2457647.48206 5500.47252867634
2457647.5014 5505.540984847947
2457647.51664 5561.60319597592
2457647.53194 5500.47252867634
2457647.5468 5460.092497542736
2457647.56189 5480.245321768504
2457647.57683 5505.540984847947
2457647.59118 5485.2951394120355
2457647.61302 5480.245321768504
2457648.49782 5420.008904016244
2457648.51258 5515.691912608023
2457648.52743 5485.2951394120355
2457648.542 5410.034068634678
2457648.55652 5480.245321768504
2457648.57147 5415.019189534895
2457648.58592 5525.861556300781
2457648.60031 5505.540984847947
2457648.61477 5420.008904016244
2457649.48181 5465.123745198716
2457649.5063 5515.691912608023
2457649.52205 5475.200153037678
2457649.53687 5490.349610252039
2457649.55142 5480.245321768504
2457649.56639 5485.2951394120355
2457649.58181 5460.092497542736
2457649.59631 5455.065881703734
2457649.611 5475.200153037678
2457650.47754 5425.003216311501
2457650.55535 5455.065881703734
2457650.59939 5465.123745198716
2457651.55601 5385.177219975279
2457651.59941 5515.691912608023
2457652.54361 5525.861556300781
2457652.591 5460.092497542736
2457653.54746 5465.123745198716
2457653.59737 5475.200153037678
2457655.48004 5515.691912608023
2457655.56621 5490.349610252039
2457656.52606 5510.614111390659
2457656.5793 5571.857489319298
2457657.57238 5480.245321768504
2457659.48016 5460.092497542736
2457660.48053 5495.408738576242
2457660.54965 5445.026528424209
2457661.48072 5455.065881703734
2457661.5668 5440.0137824672765
2457662.5227 5495.408738576242
2457662.56642 5470.159628939721
2457664.53536 5566.727981509485
2457665.48486 5475.200153037678
2457666.52605 5435.005651294466
2457667.49093 5525.861556300781
2457671.51381 5430.002130657378
2457672.5154 5450.043893417612
2457675.52082 5450.043893417612
2457679.5077 5490.349610252039
2457681.51387 5455.065881703734
2457684.51181 5510.614111390659
2457687.5132 5455.065881703734
2457689.50153 5440.0137824672765
2457690.49738 5541.151189716864
2457691.49906 5470.159628939721
2457790.87823 5495.408738576242
2457791.87333 5440.0137824672765
2457792.86991 5485.2951394120355
2457793.86701 5480.245321768504
2457794.87196 5505.540984847947
2457795.87993 5495.408738576242
2457796.86453 5495.408738576242
2457797.8612 5470.159628939721
2457798.85939 5495.408738576242
2457799.85648 5536.049950434006
2457800.84863 5505.540984847947
2457800.89364 5480.245321768504
2457801.87411 5485.2951394120355
2457802.87185 5505.540984847947
2457803.85458 5470.159628939721
2457807.82537 5500.47252867634
2457807.87197 5500.47252867634
2457808.84619 5490.349610252039
2457808.88234 5495.408738576242
2457809.83524 5450.043893417612
2457809.88305 5505.540984847947
2457810.83218 5536.049950434006
2457810.87964 5470.159628939721
2457812.85399 5480.245321768504
2457812.89882 5485.2951394120355
2457813.84338 5536.049950434006
2457814.85334 5490.349610252039
2457814.90096 5510.614111390659
2457815.86697 5510.614111390659
2457816.81161 5500.47252867634
2457816.85681 5490.349610252039
2457817.808 5505.540984847947
2457817.85329 5515.691912608023
2457817.89848 5551.367774352115
2457818.83949 5541.151189716864
2457818.88458 5520.774392807573
2457819.81928 5505.540984847947
2457819.87106 5495.408738576242
2457820.82795 5546.257129579105
2457820.87376 5500.47252867634
2457821.81232 5500.47252867634
2457821.85666 5510.614111390659
2457821.90131 5541.151189716864
2457822.83913 5455.065881703734
2457822.88387 5530.953407403111
2457823.82463 5490.349610252039
2457823.86898 5495.408738576242
2457824.81913 5425.003216311501
2457824.86499 5541.151189716864
2457825.81216 5495.408738576242
2457825.85678 5470.159628939721
2457825.90134 5470.159628939721
2457826.81518 5470.159628939721
2457826.86025 5480.245321768504
2457826.90519 5475.200153037678
2457827.83411 5495.408738576242
2457827.87845 5530.953407403111
2457828.80325 5485.2951394120355
2457828.8478 5500.47252867634
2457828.89258 5530.953407403111
2457829.82989 5495.408738576242
2457830.79854 5485.2951394120355
2457830.83957 5530.953407403111
2457830.87792 5515.691912608023
2457834.78508 5541.151189716864
2457834.83153 5505.540984847947
2457834.87873 5490.349610252039
2457835.75291 5510.614111390659
2457835.82324 5530.953407403111
2457835.87708 5530.953407403111
2457836.75752 5510.614111390659
2457836.81439 5530.953407403111
2457836.86346 5510.614111390659
2457836.91132 5505.540984847947
2457837.7815 5515.691912608023
2457837.82786 5455.065881703734
2457837.87471 5470.159628939721
2457838.75116 5470.159628939721
2457838.79723 5485.2951394120355
2457838.85279 5505.540984847947
2457838.90059 5541.151189716864
2457839.759 5480.245321768504
2457839.81836 5465.123745198716
2457839.86751 5480.245321768504
2457839.91818 5480.245321768504
2457840.77627 5455.065881703734
2457840.83341 5515.691912608023
2457840.87898 5470.159628939721
2457841.75622 5495.408738576242
2457841.80357 5597.576014951099
2457841.84987 5520.774392807573
2457841.89867 5515.691912608023
2457842.75146 5510.614111390659
2457842.79781 5460.092497542736
2457842.84426 5490.349610252039
2457842.89183 5460.092497542736
2457843.76655 5500.47252867634
2457843.82193 5485.2951394120355
2457843.86881 5470.159628939721
2457843.9148 5500.47252867634
2457844.76311 5490.349610252039
2457844.81856 5510.614111390659
2457844.86419 5475.200153037678
2457844.91496 5510.614111390659
2457845.75637 5475.200153037678
2457845.81169 5495.408738576242
2457845.85838 5551.367774352115
2457846.75808 5465.123745198716
2457846.80424 5500.47252867634
2457846.84969 5515.691912608023
2457846.89583 5520.774392807573
2457847.73775 5495.408738576242
2457847.7838 5495.408738576242
2457847.83986 5510.614111390659
2457847.88632 5551.367774352115
2457848.72126 5495.408738576242
2457848.76671 5455.065881703734
2457848.81263 5495.408738576242
2457848.86961 5500.47252867634
2457848.91823 5480.245321768504
2457849.74908 5515.691912608023
2457849.79542 5510.614111390659
2457849.85112 5465.123745198716
2457849.89974 5520.774392807573
2457850.73067 5520.774392807573
2457850.77712 5530.953407403111
2457850.8232 5515.691912608023
2457850.88101 5541.151189716864
2457851.70905 5450.043893417612
2457851.76374 5435.005651294466
2457851.81017 5530.953407403111
2457851.85693 5505.540984847947
2457851.91714 5495.408738576242
2457852.83808 5541.151189716864
2457852.88674 5515.691912608023
2457853.86284 5536.049950434006
2457853.8809 5520.774392807573
2457853.91283 5485.2951394120355
2457854.7174 5495.408738576242
2457854.76373 5515.691912608023
2457854.81924 5530.953407403111
2457854.8682 5465.123745198716
2457854.91664 5505.540984847947
2457855.76242 5475.200153037678
2457855.80951 5500.47252867634
2457855.85788 5495.408738576242
2457855.91632 5470.159628939721
2457856.74065 5525.861556300781
2457856.78891 5551.367774352115
2457856.83574 5485.2951394120355
2457856.89616 5440.0137824672765
2457857.83956 5525.861556300781
2457857.86161 5530.953407403111
2457857.9059 5465.123745198716
2457858.77177 5475.200153037678
2457858.78334 5465.123745198716
2457858.7959 5470.159628939721
2457858.80859 5536.049950434006
2457858.82 5500.47252867634
2457858.83126 5480.245321768504
2457858.84258 5470.159628939721
2457858.85624 5475.200153037678
2457858.87251 5475.200153037678
2457858.88536 5495.408738576242
2457858.90508 5515.691912608023
2457858.91961 5515.691912608023
2457862.68331 5500.47252867634
2457862.73074 5515.691912608023
2457862.77777 5500.47252867634
2457862.82482 5490.349610252039
2457862.87303 5566.727981509485
2457863.73507 5475.200153037678
2457863.81088 5490.349610252039
2457863.88735 5525.861556300781
2457864.7125 5541.151189716864
2457864.78469 5510.614111390659
2457864.84577 5520.774392807573
2457864.89742 5485.2951394120355
2457865.68693 5510.614111390659
2457865.73257 5530.953407403111
2457865.77884 5510.614111390659
2457865.84998 5525.861556300781
2457865.90228 5525.861556300781
2457866.69793 5541.151189716864
2457866.74442 5536.049950434006
2457866.80026 5475.200153037678
2457866.86066 5495.408738576242
2457866.90877 5525.861556300781
2457867.71676 5495.408738576242
2457867.76356 5530.953407403111
2457867.82948 5541.151189716864
2457867.87934 5470.159628939721
2457867.92615 5505.540984847947
2457868.78942 5470.159628939721
2457868.85091 5505.540984847947
2457868.9197 5495.408738576242
2457869.71103 5520.774392807573
2457869.757 5505.540984847947
2457869.8128 5525.861556300781
2457869.87242 5510.614111390659
2457869.91984 5470.159628939721
2457870.73735 5465.123745198716
2457870.7936 5495.408738576242
2457870.85139 5490.349610252039
2457870.89958 5510.614111390659
2457871.70637 5490.349610252039
2457871.75311 5510.614111390659
2457871.81881 5485.2951394120355
2457871.87769 5536.049950434006
2457871.92775 5475.200153037678
2457872.71731 5495.408738576242
2457872.76864 5530.953407403111
2457872.83845 5500.47252867634
2457872.90156 5475.200153037678
2457873.67143 5505.540984847947
2457873.71737 5485.2951394120355
2457873.76376 5525.861556300781
2457873.81067 5485.2951394120355
2457873.88202 5495.408738576242
2457873.92918 5485.2951394120355
2457874.69286 5505.540984847947
2457874.74793 5490.349610252039
2457874.80489 5490.349610252039
2457874.85516 5536.049950434006
2457874.90235 5440.0137824672765
2457875.75984 5530.953407403111
2457875.84112 5520.774392807573
2457875.89844 5505.540984847947
2457875.93284 5470.159628939721
2457876.68932 5520.774392807573
2457876.73661 5510.614111390659
2457876.79608 5475.200153037678
2457876.85828 5475.200153037678
2457876.9053 5520.774392807573
2457877.66673 5485.2951394120355
2457877.71283 5520.774392807573
2457877.77925 5536.049950434006
2457877.82873 5571.857489319298
2457877.87742 5536.049950434006
2457877.88238 5485.2951394120355
2457878.67542 5500.47252867634
2457878.77564 5571.857489319298
2457878.82556 5551.367774352115
2457878.88463 5500.47252867634
2457878.93072 5470.159628939721
2457879.69346 5571.857489319298
2457879.73963 5546.257129579105
2457879.78562 5541.151189716864
2457879.8773 5520.774392807573
2457880.69157 5536.049950434006
2457880.73751 5485.2951394120355
2457880.78437 5541.151189716864
2457880.84409 5510.614111390659
2457880.89878 5495.408738576242
2457881.78323 5505.540984847947
2457881.83328 5455.065881703734
2457881.88169 5525.861556300781
2457881.93797 5582.130689177267
2457882.72705 5520.774392807573
2457882.78384 5480.245321768504
2457882.84249 5495.408738576242
2457882.88957 5520.774392807573
2457883.68573 5505.540984847947
2457889.90392 5450.043893417612
2457890.69119 5510.614111390659
2457890.75221 5505.540984847947
2457890.83668 5510.614111390659
2457890.88432 5525.861556300781
2457893.6406 5536.049950434006
2457893.68821 5607.8966337451
2457893.7347 5536.049950434006
2457893.80175 5505.540984847947
2457893.84877 5515.691912608023
2457893.89611 5500.47252867634
2457893.93899 5520.774392807573
2457894.6262 5510.614111390659
2457894.67241 5495.408738576242
2457894.72747 5500.47252867634
2457894.78436 5515.691912608023
2457894.83143 5490.349610252039
2457894.87796 5515.691912608023
2457894.92429 5485.2951394120355
2457895.62289 5551.367774352115
2457895.77608 5515.691912608023
2457897.64477 5530.953407403111
2457897.68224 5515.691912608023
2457897.73017 5485.2951394120355
2457900.90008 5490.349610252039
2457900.92236 5490.349610252039
2457901.60399 5587.274389940206
2457901.65035 5510.614111390659
2457901.70475 5536.049950434006
2457901.79047 5525.861556300781
2457901.83832 5510.614111390659
2457902.60677 5536.049950434006
2457902.65649 5530.953407403111
2457902.71169 5520.774392807573
2457902.7722 5515.691912608023
2457902.81828 5530.953407403111
2457902.91652 5536.049950434006
2457903.69022 5541.151189716864
2457903.77731 5561.60319597592
2457903.82466 5510.614111390659
2457903.88027 5510.614111390659
2457903.93648 5480.245321768504
2457904.66681 5530.953407403111
2457904.72312 5500.47252867634
2457904.78256 5495.408738576242
2457904.83063 5445.026528424209
2457904.87678 5490.349610252039
2457904.9326 5541.151189716864
2457905.58905 5490.349610252039
2457905.63624 5490.349610252039
2457905.69195 5505.540984847947
2457905.7476 5515.691912608023
2457905.7973 5480.245321768504
2457905.84472 5546.257129579105
2457905.89196 5495.408738576242
2457905.94141 5510.614111390659
2457906.59997 5520.774392807573
2457906.64684 5510.614111390659
2457906.70288 5510.614111390659
2457906.76207 5546.257129579105
2457906.8099 5465.123745198716
2457906.85687 5525.861556300781
2457906.90358 5510.614111390659
2457906.94044 5475.200153037678
2457907.65698 5566.727981509485
2457907.69758 5505.540984847947
2457907.7412 5510.614111390659
2457907.81629 5475.200153037678
2457908.57524 5505.540984847947
2457908.61601 5505.540984847947
2457908.66273 5480.245321768504
2457908.71797 5515.691912608023
2457908.77664 5541.151189716864
2457908.82351 5551.367774352115
2457908.87001 5485.2951394120355
2457908.9188 5510.614111390659
2457908.94103 5475.200153037678
2457909.59445 5530.953407403111
2457909.64266 5510.614111390659
2457909.69938 5490.349610252039
2457909.74789 5530.953407403111
2457909.79491 5490.349610252039
2457909.83984 5495.408738576242
2457909.88412 5566.727981509485
2457909.92348 5520.774392807573
2457910.56361 5515.691912608023
2457910.59641 5515.691912608023
2457910.64251 5520.774392807573
2457910.69908 5500.47252867634
2457910.75924 5505.540984847947
2457910.80594 5480.245321768504
2457910.86035 5566.727981509485
2457910.90833 5530.953407403111
2457911.57448 5571.857489319298
2457911.60954 5490.349610252039
2457911.65638 5490.349610252039
2457911.70241 5541.151189716864
2457911.81049 5515.691912608023
2457911.90414 5561.60319597592
2457916.75009 5551.367774352115
2457916.83611 5460.092497542736
2457917.55666 5455.065881703734
2457917.60283 5536.049950434006
2457917.65293 5505.540984847947
2457917.70209 5500.47252867634
2457917.75204 5455.065881703734
2457917.79876 5470.159628939721
2457917.84443 5460.092497542736
2457917.8909 5480.245321768504
2457918.56975 5510.614111390659
2457918.64932 5571.857489319298
2457918.68413 5500.47252867634
2457922.61426 5500.47252867634
2457922.66979 5520.774392807573
2457922.72781 5495.408738576242
2457923.53784 5465.123745198716
2457923.58318 5500.47252867634
2457923.62929 5505.540984847947
2457923.70361 5546.257129579105
2457923.75086 5510.614111390659
2457923.79891 5613.06407675201
2457923.84422 5455.065881703734
2457923.89311 5485.2951394120355
2457924.53963 5556.483128371262
2457924.5856 5525.861556300781
2457924.63135 5546.257129579105
2457924.68515 5536.049950434006
2457924.74297 5500.47252867634
2457924.78923 5525.861556300781
2457924.83508 5490.349610252039
2457924.88619 5495.408738576242
2457925.60934 5505.540984847947
2457925.65559 5520.774392807573
2457925.72025 5460.092497542736
2457925.77626 5530.953407403111
2457925.82988 5495.408738576242
2457925.88148 5536.049950434006
2457926.59515 5551.367774352115
2457926.65029 5566.727981509485
2457926.72603 5551.367774352115
2457926.77654 5505.540984847947
2457926.83301 5495.408738576242
2457928.59099 5510.614111390659
2457928.63999 5556.483128371262
2457929.58488 5500.47252867634
2457932.60376 5510.614111390659
2457932.66027 5495.408738576242
2457932.70869 5475.200153037678
2457932.76835 5505.540984847947
2457932.81392 5465.123745198716
2457933.58224 5536.049950434006
2457933.62846 5510.614111390659
2457933.67759 5515.691912608023
2457933.73538 5546.257129579105
2457933.79213 5530.953407403111
2457933.82077 5536.049950434006
2457933.8377 5515.691912608023
2457933.85166 5520.774392807573
2457934.53305 5485.2951394120355
2457934.57863 5525.861556300781
2457934.62443 5530.953407403111
2457934.6999 5530.953407403111
2457934.73206 5515.691912608023
2457934.7788 5485.2951394120355
2457934.82459 5536.049950434006
2457934.8582 5480.245321768504
2457935.51769 5440.0137824672765
2457935.56473 5561.60319597592
2457935.63111 5536.049950434006
2457935.68021 5536.049950434006
2457935.72816 5425.003216311501
2457935.77474 5525.861556300781
2457935.82175 5500.47252867634
2457935.87322 5505.540984847947
2457935.88477 5556.483128371262
2457936.52597 5541.151189716864
2457936.57333 5546.257129579105
2457936.62128 5505.540984847947
2457936.68392 5536.049950434006
2457936.74081 5515.691912608023
2457936.79818 5505.540984847947
2457936.84437 5480.245321768504
2457936.87467 5455.065881703734
2457937.51471 5500.47252867634
2457937.56241 5495.408738576242
2457937.60983 5571.857489319298
2457937.65722 5541.151189716864
2457937.71547 5490.349610252039
2457937.77321 5510.614111390659
2457937.81993 5520.774392807573
2457938.53802 5500.47252867634
2457938.58631 5566.727981509485
2457938.63806 5520.774392807573
2457944.48097 5495.408738576242
2457944.52019 5500.47252867634
2457944.56007 5556.483128371262
2457944.59905 5515.691912608023
2457944.69674 5495.408738576242
2457944.74381 5485.2951394120355
2457944.78371 5495.408738576242
2457944.82298 5541.151189716864
2457945.47381 5485.2951394120355
2457945.49888 5495.408738576242
2457945.54642 5460.092497542736
2457945.59402 5530.953407403111
2457945.64091 5536.049950434006
2457945.68982 5465.123745198716
2457945.73756 5485.2951394120355
2457945.78432 5530.953407403111
2457945.83113 5490.349610252039
2457946.48174 5551.367774352115
2457946.53726 5551.367774352115
2457946.5852 5510.614111390659
2457946.63293 5530.953407403111
2457946.69844 5546.257129579105
2457946.74652 5510.614111390659
2457946.79503 5561.60319597592
2457946.83852 5536.049950434006
2457947.53578 5495.408738576242
2457947.58443 5525.861556300781
2457947.633 5495.408738576242
2457947.72996 5571.857489319298
2457947.77734 5525.861556300781
2457947.81415 5520.774392807573
2457948.49055 5566.727981509485
2457948.54779 5546.257129579105
2457948.60531 5525.861556300781
2457948.65733 5490.349610252039
2457948.70396 5515.691912608023
2457948.77402 5530.953407403111
2457948.82072 5475.200153037678
2457949.56504 5566.727981509485
2457949.61067 5551.367774352115
2457949.67092 5445.026528424209
2457949.72759 5485.2951394120355
2457952.67354 5475.200153037678
2457952.72614 5515.691912608023
2457952.78161 5582.130689177267
2457952.82839 5536.049950434006
2457953.50661 5551.367774352115
2457953.56665 5485.2951394120355
2457953.63089 5551.367774352115
2457953.68116 5470.159628939721
2457953.73322 5500.47252867634
2457953.78205 5541.151189716864
2457954.47017 5536.049950434006
2457954.52327 5566.727981509485
2457954.57298 5515.691912608023
2457954.6488 5490.349610252039
2457954.7023 5530.953407403111
2457954.7678 5485.2951394120355
2457955.73669 5465.123745198716
2457955.781 5536.049950434006
2457956.48566 5551.367774352115
2457956.54319 5525.861556300781
2457956.59943 5505.540984847947
2457956.66699 5505.540984847947
2457956.71412 5480.245321768504
2457956.76411 5556.483128371262
2457957.53907 5536.049950434006
2457957.67325 5505.540984847947
2457957.72198 5536.049950434006
2457958.56945 5566.727981509485
2457958.61265 5566.727981509485
2457958.64484 5500.47252867634
2457958.69673 5510.614111390659
2457958.74871 5546.257129579105
2457958.78928 5500.47252867634
2457959.48796 5546.257129579105
2457959.52964 5556.483128371262
2457959.57833 5597.576014951099
2457959.6305 5490.349610252039
2457959.67909 5495.408738576242
2457959.72839 5475.200153037678
2457959.77971 5582.130689177267
2457959.80819 5435.005651294466
2457960.51842 5510.614111390659
2457960.56624 5520.774392807573
2457960.63807 5541.151189716864
2457960.68601 5490.349610252039
2457960.73945 5525.861556300781
2457960.78949 5510.614111390659
2457960.81046 5582.130689177267
2457961.58187 5551.367774352115
2457961.62438 5495.408738576242
2457961.66434 5440.0137824672765
2457961.72457 5546.257129579105
2457962.48641 5541.151189716864
2457962.52684 5525.861556300781
2457962.57664 5510.614111390659
2457962.78415 5551.367774352115
2457964.52581 5541.151189716864
2457964.55929 5530.953407403111
2457964.60979 5654.575406876214
2457964.65852 5510.614111390659
2457964.73308 5515.691912608023
2457965.62954 5500.47252867634
2457965.66636 5525.861556300781
2457965.69643 5500.47252867634
2457966.52405 5587.274389940206
2457966.55879 5510.614111390659
2457966.59825 5530.953407403111
2457966.64623 5505.540984847947
2457966.69468 5551.367774352115
2457966.74674 5546.257129579105
2457967.62664 5536.049950434006
2457967.70039 5576.991723756762
2457971.47189 5613.06407675201
2457971.51308 5525.861556300781
2457971.59061 5525.861556300781
2457971.62739 5515.691912608023
2457971.66452 5510.614111390659
2457971.70551 5576.991723756762
2457972.47252 5633.781508509388
2457972.52485 5520.774392807573
2457972.56167 5541.151189716864
2457972.60147 5536.049950434006
2457972.64431 5576.991723756762
2457972.69554 5530.953407403111
2457972.73451 5613.06407675201
2457972.75839 5520.774392807573
2457973.57554 5495.408738576242
2457973.63356 5500.47252867634
2457973.681 5571.857489319298
2457974.4735 5546.257129579105
2457974.52838 5576.991723756762
2457974.57854 5525.861556300781
2457974.62833 5495.408738576242
2457974.67733 5520.774392807573
2457974.72653 5485.2951394120355
2457975.49335 5505.540984847947
2457975.65658 5495.408738576242
2457979.52422 5515.691912608023
2457979.5744 5530.953407403111
2457979.62698 5536.049950434006
2457980.47542 5500.47252867634
2457980.5432 5566.727981509485
2457980.59374 5450.043893417612
2457980.64139 5425.003216311501
2457981.47613 5490.349610252039
2457981.55705 5515.691912608023
2457981.61458 5530.953407403111
2457981.66161 5505.540984847947
2457982.48934 5561.60319597592
2457982.5555 5546.257129579105
2457982.60415 5485.2951394120355
2457982.65041 5510.614111390659
2457983.51335 5556.483128371262
2457983.5627 5536.049950434006
2457983.60905 5470.159628939721
2457983.65892 5490.349610252039
2457984.50424 5582.130689177267
2457984.55617 5520.774392807573
2457984.60467 5530.953407403111
2457984.65126 5495.408738576242
2457985.51869 5582.130689177267
2457985.57211 5495.408738576242
2457985.6183 5510.614111390659
2457986.50779 5546.257129579105
2457986.58019 5480.245321768504
2457986.63011 5490.349610252039
2457987.47554 5485.2951394120355
2457987.54099 5520.774392807573
2457987.59299 5495.408738576242
2457987.64478 5490.349610252039
2457990.49187 5551.367774352115
2457990.55922 5470.159628939721
2457990.60861 5520.774392807573
2457990.65397 5551.367774352115
2457991.56874 5500.47252867634
2457991.62651 5475.200153037678
2457992.47698 5525.861556300781
2457992.52704 5536.049950434006
2457992.57349 5475.200153037678
2457992.62873 5525.861556300781
2457993.4936 5551.367774352115
2457993.54285 5536.049950434006
2457993.58994 5546.257129579105
2457993.63651 5490.349610252039
2457994.50642 5505.540984847947
2457994.55457 5525.861556300781
2457994.60348 5530.953407403111
2457994.65034 5510.614111390659
2457998.58167 5500.47252867634
2457998.62367 5556.483128371262
2458000.49012 5541.151189716864
2458000.5321 5420.008904016244
2458000.57211 5500.47252867634
2458000.6171 5495.408738576242
2458001.49463 5582.130689177267
2458001.54241 5520.774392807573
2458001.58929 5571.857489319298
2458002.49632 5571.857489319298
2458002.5438 5515.691912608023
2458002.61555 5530.953407403111
2458003.54958 5556.483128371262
2458004.47748 5515.691912608023
2458004.54463 5566.727981509485
2458004.592 5510.614111390659
2458005.54435 5435.005651294466
2458007.52886 5536.049950434006
2458007.59053 5556.483128371262
2458008.53294 5525.861556300781
2458008.58964 5460.092497542736
2458010.54737 5505.540984847947
2458011.51315 5520.774392807573
2458011.58481 5576.991723756762
2458012.52262 5480.245321768504
2458012.57028 5490.349610252039
2458013.50192 5541.151189716864
2458013.55838 5551.367774352115
2458014.49557 5536.049950434006
2458014.55164 5536.049950434006
2458015.47792 5500.47252867634
2458015.52698 5587.274389940206
2458016.47994 5587.274389940206
2458016.52661 5546.257129579105
2458017.4801 5576.991723756762
2458017.53623 5602.733947937972
2458018.48743 5546.257129579105
2458018.54658 5561.60319597592
2458019.50025 5465.123745198716
2458019.55812 5536.049950434006
2458020.52953 5541.151189716864
2458021.48376 5541.151189716864
2458021.55507 5541.151189716864
2458026.49687 5546.257129579105
2458026.53709 5576.991723756762
2458030.50093 5602.733947937972
2458032.56204 5607.8966337451
2458035.56198 5475.200153037678
2458036.5392 5602.733947937972
2458037.54341 5602.733947937972
2458037.56378 5566.727981509485
2458039.53008 5613.06407675201
2458040.51302 5566.727981509485
2458040.56092 5505.540984847947
2458046.49626 5582.130689177267
2458048.51367 5571.857489319298
2458053.52772 5638.972803349493
2458055.50812 5566.727981509485
2458153.88033 6969.473963563211
2458155.87794 7053.424142580972
2458161.86309 7224.370324363558
2458161.88797 7251.03497617198
2458162.87442 7264.4041859247645
2458163.86779 7271.098031596613
2458164.86102 7399.459543127244
2458165.84625 7481.6950051115455
2458165.88516 7372.249081043367
2458166.86631 7433.613896551792
2458167.83961 7426.770437146976
2458167.878 7399.459543127244
2458168.84761 7481.6950051115455
2458168.8857 7530.087105475898
2458169.84781 7543.970821979903
2458169.88502 7509.309424540644
2458170.84477 7585.775750291836
2458170.88221 7606.7650076622685
2458171.8414 7550.922276654342
2458171.87874 7557.880136804521
2458172.83921 7571.815097147055
2458172.87674 7620.790100254122
2458173.83652 7655.966069112569
2458173.87389 7670.081876935095
2458174.83191 7719.692476102512
2458174.8693 7663.020722739199
2458175.8175 7705.485366297151
2458175.85538 7705.485366297151
2458175.89302 7712.585649892138
2458176.83605 7712.585649892138
2458176.87363 7791.121911130918
2458181.8127 7841.515405281219
2458181.85425 7892.234847899735
2458181.89423 7899.50721335816
2458182.86122 7906.786279998245
2458182.90752 7943.282347242814
2458183.83349 7921.364541528511
2458183.88163 7921.364541528511
2458184.82879 7943.282347242814
2458184.86705 7957.927898970926
2458184.90607 7994.660025203162
2458185.8494 7994.660025203162
2458185.88786 8046.370017397997
2458189.80191 8061.205638638912
2458189.85007 8105.876824647378
2458189.89646 8083.510373900677
2458190.83984 8038.962448571255
2458190.8964 8180.879579457469
2458191.81143 8098.41447325789
2458191.86791 8105.876824647378
2458192.78226 8135.795056053964
2458192.82844 8128.305161640995
2458192.88591 8128.305161640995
2458193.79942 8076.068613289766
2458193.84671 8143.291852092442
2458193.89458 8150.795556116014
2458194.79317 8150.795556116014
2458194.84057 8143.291852092442
2458194.89617 8203.515443298185
2458195.78323 8150.795556116014
2458195.82885 8135.795056053964
2458195.88671 8105.876824647378
2458196.78295 8150.795556116014
2458196.82868 8128.305161640995
2458196.88469 8135.795056053964
2458197.75974 8098.41447325789
2458197.79932 8233.794052101344
2458197.84548 8068.633703638182
2458197.90036 8143.291852092442
2458198.77102 8128.305161640995
2458198.81698 8120.82216249983
2458198.87141 8180.879579457469
2458199.75223 8068.633703638182
2458199.79142 8120.82216249983
2458199.83742 8113.346052282628
2458200.75513 8180.879579457469
2458200.79755 8158.306174490077
2458200.8441 8143.291852092442
2458200.8994 8128.305161640995
2458201.75377 8068.633703638182
2458201.8089 8120.82216249983
2458201.86364 8158.306174490077
2458201.90962 8120.82216249983
2458202.77601 8143.291852092442
2458202.82152 8083.510373900677
2458202.87655 8076.068613289766
2458203.74699 8038.962448571255
2458203.79268 8038.962448571255
2458203.83841 8076.068613289766
2458203.89361 8061.205638638912
2458204.75525 8128.305161640995
2458204.80113 8105.876824647378
2458204.84655 8143.291852092442
2458204.90224 8076.068613289766
2458205.75651 8226.2139388311
2458205.80075 8113.346052282628
2458205.86012 8068.633703638182
2458205.91679 8076.068613289766
2458206.76683 8031.561699226573
2458206.81257 8061.205638638912
2458206.85792 8068.633703638182
2458206.91435 8090.958991783821
2458207.76283 8098.41447325789
2458207.80822 8046.370017397997
2458207.85471 8038.962448571255
2458207.91 8076.068613289766
2458208.7593 7892.234847899735
2458208.80469 8016.78063387679
2458208.85046 7972.600453665309
2458208.90662 8002.026771193318
2458209.7561 7935.969681957703
2458209.80222 7979.946872679769
2458209.84818 8024.167763085845
2458209.89408 7972.600453665309
2458210.72323 7972.600453665309
2458210.77211 7965.260797837789
2458210.81851 8046.370017397997
2458210.86419 7950.6017508441955
2458210.91023 8009.400305332871
2458211.75249 7972.600453665309
2458211.79842 7906.786279998245
2458211.8441 7928.66374878547
2458211.89109 7935.969681957703
2458212.71951 7863.212274584189
2458212.76266 7914.072053994852
2458212.79663 7892.234847899735
2458212.83988 7914.072053994852
2458212.88582 7892.234847899735
2458217.7711 7791.121911130918
2458217.82396 7791.121911130918
2458217.87638 7783.94932626726
2458220.72916 7684.223711000267
2458220.75993 7769.623959921396
2458220.80756 7733.925780489969
2458220.87869 7719.692476102512
2458220.92724 7691.304402866098
2458221.76413 7648.917910070716
2458221.80163 7663.020722739199
2458221.85655 7698.391619294348
2458221.91233 7663.020722739199
2458222.72903 7691.304402866098
2458222.77731 7655.966069112569
2458222.85213 7634.841051830974
2458222.90173 7592.765726465263
2458223.79049 7571.815097147055
2458223.85907 7571.815097147055
2458223.91149 7509.309424540644
2458224.72295 7585.775750291836
2458224.76932 7592.765726465263
2458224.84208 7557.880136804521
2458224.89237 7585.775750291836
2458225.81213 7530.087105475898
2458226.79494 7509.309424540644
2458226.86607 7530.087105475898
2458226.91598 7488.589075216439
2458227.72457 7461.050851930635
2458227.78406 7467.925899308828
2458227.84983 7440.463661919195
2458227.89785 7454.182133789901
2458228.74485 7440.463661919195
2458228.79453 7461.050851930635
2458228.86048 7385.841781207968
2458228.91892 7372.249081043367
2458229.7235 7392.647526562271
2458229.78892 7399.459543127244
2458229.84056 7413.102413009177
2458229.88912 7440.463661919195
2458230.6954 7406.277836681544
2458230.74362 7413.102413009177
2458230.78999 7379.042301291008
2458230.86152 7385.841781207968
2458230.91003 7358.6813965104475
2458232.82508 7284.504232923301
2458232.8972 7257.716502674278
2458233.7239 7311.390834834172
2458233.81782 7244.359600749906
2458235.73465 7277.798045368235
2458236.67854 7144.963260755135
2458236.72836 7251.03497617198
2458236.80324 7184.557087925965
2458238.70709 7171.33482657721
2458238.75557 7171.33482657721
2458238.81009 7118.6886726228095
2458238.86325 7112.135136533296
2458240.81262 7092.510705558548
2458244.65241 6969.473963563211
2458244.70006 6969.473963563211
2458244.74651 6956.64753528352
2458244.80368 6982.324040771711
2458244.85302 6988.757961347107
2458245.71345 6918.309709189362
2458245.76931 7014.552984199714
2458245.81618 6918.309709189362
2458245.86538 6886.522963442762
2458245.9366 6905.577442196842
2458246.70629 6873.8491959032335
2458246.75292 6937.452139421228
2458246.80409 6905.577442196842
2458246.85634 6931.065451499368
2458246.91028 6873.8491959032335
2458247.64304 6892.868607318448
2458247.6905 6867.521061488186
2458247.73665 6911.940643980488
2458247.78529 6880.1831614303765
2458247.852 6892.868607318448
2458247.89807 6835.967668381047
2458248.70758 6848.571591258563
2458248.75927 6792.036326171843
2458249.65796 6798.294904549553
2458249.70423 6835.967668381047
2458249.75106 6867.521061488186
2458249.79867 6829.67440807964
2458249.86648 6829.67440807964
2458249.91336 6779.536449241948
2458250.65913 6792.036326171843
2458250.71207 6861.198752817055
2458250.7589 6705.018801628423
2458250.82598 6754.605666335012
2458250.87552 6760.829753919812
2458250.92182 6817.10526305853
2458251.63827 6779.536449241948
2458251.6844 6742.17467576244
2458251.73062 6767.059576741911
2458251.79496 6867.521061488186
2458251.84486 6835.967668381047
2458251.89809 6767.059576741911
2458252.85397 7099.046158552872
2458252.90818 6723.571072343195
2458253.6318 6754.605666335012
2458253.67964 6735.967762229426
2458253.72636 6760.829753919812
2458253.78053 6767.059576741911
2458253.85132 6680.362046792463
2458254.643 6711.197196984211
2458254.70134 6754.605666335012
2458254.75858 6711.197196984211
2458254.8355 6680.362046792463
2458254.89395 6680.362046792463
2458254.93975 6717.381285473806
2458255.66959 6631.320218835529
2458255.71753 6655.795963672291
2458255.7875 6711.197196984211
2458255.85632 6643.54681976005
2458255.9029 6637.43070401909
2458256.61404 6668.067692136226
2458256.66632 6686.517721976395
2458256.71222 6631.320218835529
2458256.77098 6637.43070401909
2458256.82088 6674.212038584765
2458256.88507 6643.54681976005
2458256.93121 6613.022494817673
2458257.67858 6686.517721976395
2458257.72565 6655.795963672291
2458257.77481 6705.018801628423
2458257.82415 6668.067692136226
2458257.87333 6625.215359025829
2458258.64882 6594.775259494848
2458258.72191 6588.704043340741
2458258.7712 6649.668571246756
2458258.83117 6582.638416409011
2458258.89401 6516.283940608428
2458259.61673 6637.43070401909
2458259.70149 6606.9344800759645
2458259.75914 6661.929002234552
2458259.81539 6570.52390963554
2458259.86631 6534.313996495986
2458259.92103 6582.638416409011
2458260.6313 6619.116119411206
2458260.81297 6600.852070021596
2458260.91351 6564.47501951699
2458261.6518 6540.335094488948
2458261.70966 6576.578373554205
2458261.76223 6594.775259494848
2458261.85325 6510.284984348614
2458261.90033 6516.283940608428
2458262.65799 6528.298441586147
2458262.70643 6528.298441586147
2458262.75528 6570.52390963554
2458262.82908 6558.431698067273
2458262.87637 6534.313996495986
2458262.91376 6576.578373554205
2458263.64356 6534.313996495986
2458263.69915 6486.344335482381
2458263.75282 6516.283940608428
2458263.81435 6486.344335482381
2458263.86659 6492.321231432135
2458264.63752 6522.288424656394
2458264.72947 6522.288424656394
2458264.78395 6498.303634842379
2458264.83353 6528.298441586147
2458264.88409 6474.407045688157
2458265.58819 6492.321231432135
2458265.64188 6504.291550788008
2458265.69446 6522.288424656394
2458265.74334 6504.291550788008
2458265.79788 6397.348354826482
2458265.87788 6468.446641717213
2458266.63963 6444.659847416877
2458266.7147 6486.344335482381
2458266.76657 6391.458891858136
2458266.92313 6415.049325106635
2458271.62422 6397.348354826482
2458271.81541 6338.697112569276
2458271.84324 6303.764788294879
2458271.88968 6274.80161997852
2458272.67811 6338.697112569276
2458272.73594 6344.537957757143
2458272.78635 6350.384185040406
2458272.83677 6362.092805735186
2458272.88692 6309.57344480193
2458272.93427 6257.487633544402
2458273.60565 6344.537957757143
2458273.65336 6391.458891858136
2458273.72035 6356.23579937843
2458273.77391 6338.697112569276
2458273.77605 6338.697112569276
2458273.82582 6356.23579937843
2458273.86074 6251.726927756862
2458273.90019 6286.370884130498
2458274.5848 6344.537957757143
2458274.63308 6309.57344480193
2458274.68204 6321.2068200526855
2458274.73343 6356.23579937843
2458274.79382 6321.2068200526855
2458274.84475 6338.697112569276
2458274.89317 6332.8616445219695
2458275.57871 6269.024974761653
2458275.6365 6292.163512879859
2458275.68568 6321.2068200526855
2458275.75237 6309.57344480193
2458275.80344 6280.583588133173
2458275.85755 6257.487633544402
2458275.90479 6269.024974761653
2458276.58599 6240.221421389766
2458276.63367 6274.80161997852
2458276.68266 6274.80161997852
2458276.7425 6280.583588133173
2458276.7924 6228.737089440294
2458276.84234 6223.002851691589
2458277.57866 6292.163512879859
2458277.63269 6228.737089440294
2458277.69515 6257.487633544402
2458277.74868 6280.583588133173
2458277.79747 6188.708114190298
2458277.84715 6257.487633544402
2458277.90012 6228.737089440294
2458277.93414 6194.410750767818
2458278.58126 6251.726927756862
2458278.62806 6274.80161997852
2458278.69984 6234.476611050059
2458278.8442 6409.143566447764
2458282.5663 6126.324544438646
2458282.61443 6160.273583272377
2458282.6734 6183.010727517132
2458282.73549 6240.221421389766
2458282.79716 6183.010727517132
2458282.84688 6171.631684555843
2458282.89526 6217.2738929396055
2458283.54 6165.9500186148225
2458283.57869 6154.602373713163
2458283.62512 6115.049825170281
2458283.68087 6148.936385126261
2458283.7432 6177.3185859152
2458283.79211 6154.602373713163
2458283.84099 6188.708114190298
2458283.88927 6183.010727517132
2458284.53278 6194.410750767818
2458284.57916 6165.9500186148225
2458284.62687 6165.9500186148225
2458284.68288 6154.602373713163
2458284.74553 6165.9500186148225
2458284.79276 6126.324544438646
2458284.84172 6194.410750767818
2458284.88905 6070.158063410441
2458285.72804 6120.684588704605
2458285.77573 6098.176639987851
2458286.53156 6120.684588704605
2458286.57826 6103.795855585308
2458286.62609 6137.620051647946
2458286.68611 6131.969697156825
2458286.74709 6205.831792990614
2458286.82211 6137.620051647946
2458286.86912 6115.049825170281
2458286.91405 6109.420249055721
2458287.56598 6165.9500186148225
2458287.62075 6131.969697156825
2458287.67672 6126.324544438646
2458287.73801 6086.953723349015
2458287.80023 6103.795855585308
2458287.86228 6120.684588704605
2458287.90234 6086.953723349015
2458288.54199 6070.158063410441
2458288.58783 6086.953723349015
2458288.64348 6098.176639987851
2458288.71237 6137.620051647946
2458288.77371 6098.176639987851
2458288.835 6081.350012787182
2458288.88196 6126.324544438646
2458289.53674 6109.420249055721
2458289.58406 6126.324544438646
2458289.64754 6053.408747539136
2458289.70742 6064.569815101373
2458289.7675 6115.049825170281
2458289.82508 6042.268220498804
2458289.87176 6053.408747539136
2458290.52965 6042.268220498804
2458290.58308 6075.751461057412
2458290.63138 6143.2756127052135
2458290.70448 6115.049825170281
2458290.77394 6042.268220498804
2458290.82082 6098.176639987851
2458290.86928 6081.350012787182
2458291.57185 6070.158063410441
2458291.62622 6075.751461057412
2458291.69299 6098.176639987851
2458291.75223 6042.268220498804
2458291.80999 6064.569815101373
2458291.87074 6109.420249055721
2458292.54352 6081.350012787182
2458292.58396 6047.835918818006
2458292.63197 6126.324544438646
2458292.68713 6103.795855585308
2458292.75745 6031.148196178177
2458292.81693 6020.048636844589
2458292.8842 6053.408747539136
2458293.53935 6098.176639987851
2458293.59036 6053.408747539136
2458293.65528 6047.835918818006
2458293.71833 6014.506519775489
2458293.76841 6137.620051647946
2458294.57585 6042.268220498804
2458294.63137 6058.9867113896535
2458294.76967 5948.397740692212
2458294.82467 6031.148196178177
2458299.50761 6003.437587325644
2458299.55329 6031.148196178177
2458299.66384 6075.751461057412
2458301.56749 5975.85429715573
2458301.63304 5975.85429715573
2458301.6833 6008.969504834852
2458301.73702 5959.3651925593795
2458301.79335 5959.3651925593795
2458302.55124 5953.878941276854
2458302.67808 5959.3651925593795
2458303.62194 5959.3651925593795
2458304.53686 5981.360797812744
2458304.58174 5942.921586155727
2458304.62718 5964.856499193778
2458304.68558 5948.397740692212
2458304.73936 6064.569815101373
2458304.80231 5839.827246189302
2458305.57504 5953.878941276854
2458305.64342 5910.170366102442
2458305.68168 5904.729404069872
2458305.7412 5904.729404069872
2458305.79507 5986.872372480592
2458305.84575 5893.862502405809
2458306.66883 5910.170366102442
2458306.69668 5997.910762555094
2458306.74818 5937.450473021948
2458306.78335 5910.170366102442
2458306.82319 5953.878941276854
2458307.48281 5926.523352402157
2458307.52979 5904.729404069872
2458307.58732 5959.3651925593795
2458307.63685 5915.616341754737
2458307.69687 5888.436553555896
2458307.7436 5899.293451041436
2458307.80035 5866.782664019766
2458307.84506 5866.782664019766
2458308.50002 5926.523352402157
2458308.54801 5904.729404069872
2458308.59393 5893.862502405809
2458308.65181 5931.984396649728
2458308.70897 5877.5996368060005
2458308.75742 5861.3816451402845
2458308.80353 5883.015599888819
2458309.47303 5904.729404069872
2458309.52242 5921.067335646609
2458309.56983 5910.170366102442
2458309.62816 5872.188659713034
2458309.68706 5855.985598492883
2458309.73531 5893.862502405809
2458309.7822 5904.729404069872
2458309.82839 5872.188659713034
2458310.48702 5893.862502405809
2458310.53653 5953.878941276854
2458310.5675 5931.984396649728
2458310.60496 5893.862502405809
2458310.63961 5931.984396649728
2458310.67936 5861.3816451402845
2458310.71354 5910.170366102442
2458310.76087 5931.984396649728
2458310.81444 5931.984396649728
2458311.48487 5904.729404069872
2458311.53128 5937.450473021948
2458311.58084 5866.782664019766
2458311.63829 5883.015599888819
2458311.69679 5855.985598492883
2458311.74432 5823.713479437514
2458311.79064 5866.782664019766
2458311.83381 5866.782664019766
2458312.50085 5893.862502405809
2458312.54886 5904.729404069872
2458312.59908 5866.782664019766
2458312.65765 5883.015599888819
2458312.72358 5899.293451041436
2458312.78251 5834.451042737442
2458312.82957 5855.985598492883
2458313.50182 5883.015599888819
2458313.5497 5845.208403588554
2458313.60296 5823.713479437514
2458313.6485 5910.170366102442
2458313.70391 5866.782664019766
2458313.75058 5883.015599888819
2458313.79737 5883.015599888819
2458314.46868 5829.079788672337
2458314.51722 5883.015599888819
2458314.56475 5872.188659713034
2458314.61257 5855.985598492883
2458314.67018 5839.827246189302
2458314.72633 5845.208403588554
2458314.77277 5872.188659713034
2458314.81845 5942.921586155727
2458316.50007 5915.616341754737
2458316.54761 5888.436553555896
2458316.59684 5893.862502405809
2458316.64775 5877.5996368060005
2458316.70975 5812.995677253877
2458316.76091 5877.5996368060005
2458320.50309 5883.015599888819
2458320.55019 5839.827246189302
2458320.60706 5861.3816451402845
2458320.66643 5834.451042737442
2458320.71368 5829.079788672337
2458320.76 5791.619210831195
2458321.49044 5839.827246189302
2458321.53622 5850.594519500058
2458321.7723 5733.238386538413
2458328.48532 5807.644175213124
2458328.53453 5775.638463945334
2458328.58166 5770.321353329298
2458328.63083 5765.009137698544
2458328.67987 5780.960474057175
2458328.72614 5749.101815675034
2458328.77306 5749.101815675034
2458329.50962 5850.594519500058
2458329.55641 5780.960474057175
2458329.6044 5786.287388179527
2458329.65276 5738.521326746189
2458329.69913 5717.418729175535
2458329.74512 5743.809134963175
2458330.47088 5722.6870922284315
2458330.52497 5743.809134963175
2458330.58159 5818.35211048072
2458331.48269 5770.321353329298
2458331.53888 5791.619210831195
2458331.59787 5770.321353329298
2458331.64666 5786.287388179527
2458331.69257 5765.009137698544
2458332.49932 5738.521326746189
2458332.5558 5839.827246189302
2458332.61653 5717.418729175535
2458332.66368 5706.896548928061
2458332.7576 5770.321353329298
2458333.50509 5717.418729175535
2458333.56203 5770.321353329298
2458333.6227 5749.101815675034
2458333.67062 5727.960309858292
2458334.50726 5743.809134963175
2458334.56455 5770.321353329298
2458334.62384 5717.418729175535
2458334.67131 5722.6870922284315
2458335.53523 5738.521326746189
2458335.59388 5738.521326746189
2458335.70263 5696.3937334118355
2458336.48622 5765.009137698544
2458336.54858 5727.960309858292
2458336.61076 5712.155216230425
2458336.66085 5691.149576288408
2458338.46923 5780.960474057175
2458338.51975 5727.960309858292
2458338.57005 5738.521326746189
2458338.62911 5685.910246988557
2458338.73856 5706.896548928061
2458339.50142 5759.70181254671
2458339.5665 5717.418729175535
2458339.62549 5696.3937334118355
2458339.7425 5775.638463945334
2458340.50738 5727.960309858292
2458340.61081 5754.399373371572
2458340.66744 5712.155216230425
2458341.49427 5733.238386538413
2458341.54082 5696.3937334118355
2458341.59826 5727.960309858292
2458341.71728 5644.168881751422
2458342.4893 5733.238386538413
2458342.56817 5738.521326746189
2458342.61764 5733.238386538413
2458343.50715 5743.809134963175
2458344.47117 5659.785862426959
2458344.51868 5685.910246988557
2458344.58339 5696.3937334118355
2458344.63364 5665.001119195325
2458344.72831 5654.575406876214
2458345.51893 5733.238386538413
2458345.56824 5712.155216230425
2458345.62974 5712.155216230425
2458345.71732 5644.168881751422
2458346.51525 5691.149576288408
2458346.58333 5696.3937334118355
2458346.64285 5717.418729175535
2458347.47204 5675.446054085472
2458347.52082 5727.960309858292
2458347.58307 5722.6870922284315
2458347.68561 5670.221181605434
2458348.47286 5717.418729175535
2458348.54787 5691.149576288408
2458348.60752 5680.675741067716
2458349.49429 5654.575406876214
2458349.54459 5675.446054085472
2458349.60535 5691.149576288408
2458353.54375 5712.155216230425
2458353.59362 5765.009137698544
2458353.65015 5691.149576288408
2458355.50529 5628.594992827296
2458355.55758 5770.321353329298
2458355.65603 5633.781508509388
2458356.47444 5644.168881751422
2458356.53134 5685.910246988557
2458356.65533 5649.369748123028
2458356.7039 5623.413251903491
2458357.51576 5670.221181605434
2458357.65342 5701.642722807478
2458358.48255 5665.001119195325
2458358.53066 5665.001119195325
2458358.62437 5623.413251903491
2458358.67641 5638.972803349493
2458359.48248 5706.896548928061
2458359.53469 5659.785862426959
2458359.60172 5633.781508509388
2458359.68279 5633.781508509388
2458360.53049 5659.785862426959
2458360.57762 5665.001119195325
2458360.62517 5665.001119195325
2458360.6941 5706.896548928061
2458361.6429 5685.910246988557
2458363.52887 5701.642722807478
2458363.63544 5613.06407675201
2458363.68525 5582.130689177267
2458364.52867 5633.781508509388
2458364.58508 5628.594992827296
2458364.65935 5680.675741067716
2458366.4985 5638.972803349493
2458366.55927 5638.972803349493
2458366.68018 5633.781508509388
2458367.52245 5618.236281342279
2458367.62788 5633.781508509388
2458367.67474 5613.06407675201
2458368.52348 5633.781508509388
2458368.60936 5623.413251903491
2458368.67276 5566.727981509485
2458369.51678 5665.001119195325
2458369.61003 5618.236281342279
2458369.65741 5607.8966337451
2458370.53418 5613.06407675201
2458370.63593 5613.06407675201
2458371.48278 5613.06407675201
2458371.556 5628.594992827296
2458371.60307 5654.575406876214
2458372.50043 5644.168881751422
2458372.55823 5597.576014951099
2458372.65557 5665.001119195325
2458373.52187 5576.991723756762
2458373.62656 5607.8966337451
2458375.52638 5602.733947937972
2458375.58434 5602.733947937972
2458375.63279 5576.991723756762
2458376.49962 5623.413251903491
2458376.56528 5628.594992827296
2458376.61387 5613.06407675201
2458377.49389 5566.727981509485
2458377.53205 5561.60319597592
2458377.57612 5628.594992827296
2458377.61596 5623.413251903491
2458381.51799 5592.422830408998
2458381.5694 5566.727981509485
2458382.51638 5597.576014951099
2458382.56694 5576.991723756762
2458382.61134 5613.06407675201
2458383.48603 5510.614111390659
2458383.53113 5582.130689177267
2458383.57867 5597.576014951099
2458383.62361 5618.236281342279
2458384.52945 5571.857489319298
2458384.57871 5587.274389940206
2458384.61812 5602.733947937972
2458385.48456 5571.857489319298
2458385.55188 5602.733947937972
2458385.60188 5587.274389940206
2458386.48491 5536.049950434006
2458387.48202 5602.733947937972
2458390.48653 5576.991723756762
2458392.48695 5607.8966337451
2458392.55778 5561.60319597592
2458392.61119 5613.06407675201
2458393.51863 5582.130689177267
2458393.56517 5515.691912608023
2458393.60967 5546.257129579105
2458394.51859 5546.257129579105
2458394.58515 5597.576014951099
2458397.56715 5566.727981509485
2458398.54848 5525.861556300781
2458399.50486 5576.991723756762
2458401.51735 5520.774392807573
2458401.5684 5546.257129579105
2458404.55133 5582.130689177267
2458409.52405 5582.130689177267
2458409.56973 5485.2951394120355
2458410.56187 5566.727981509485
2458411.56275 5541.151189716864
2458412.55659 5510.614111390659
2458414.51241 5551.367774352115
2458414.55592 5546.257129579105
2458415.5275 5490.349610252039
2458416.53879 5649.369748123028
